9 0.499298 0.207241 0.834599 0.098003
7 0.112758 0.051065 0.091783 0.072379
10 0.147212 0.492324 0.128461 0.026169
8 0.466398 0.130437 0.768056 0.025796
10 0.150651 0.330055 0.112616 0.011623
6 0.805319 0.051087 0.267610 0.039600
10 0.187204 0.307829 0.185335 0.011875
10 0.650082 0.296966 0.386693 0.031310
10 0.226589 0.283145 0.264533 0.011889
10 0.165802 0.398318 0.166799 0.062619
5 0.499946 0.977940 0.071962 0.045200
8 0.650082 0.296966 0.386693 0.031310
10 0.801345 0.413931 0.197778 0.086204
10 0.598206 0.407357 0.134323 0.069660
10 0.424880 0.406797 0.154086 0.070662
