6 0.473107 0.050687 0.063796 0.030248
8 0.236151 0.387196 0.294676 0.029168
10 0.467031 0.496846 0.768588 0.047533
8 0.212607 0.536816 0.314422 0.023766
10 0.605256 0.541677 0.458723 0.024847
10 0.128306 0.558422 0.133667 0.015124
10 0.460955 0.596232 0.805043 0.051854
4 0.473265 0.093526 0.747323 0.037810
4 0.476302 0.131336 0.753399 0.033489
4 0.474024 0.166445 0.745804 0.034569
4 0.475543 0.199394 0.742766 0.035649
4 0.505922 0.235043 0.800486 0.035649
4 0.478581 0.270152 0.742766 0.032409
4 0.421620 0.297160 0.631883 0.019445
4 0.334281 0.313364 0.454166 0.012963
4 0.437569 0.330648 0.654667 0.019445
4 0.427696 0.350094 0.631883 0.019445
4 0.376811 0.417612 0.533151 0.020525
4 0.207449 0.436517 0.206577 0.023766
4 0.483138 0.435436 0.299233 0.017285
4 0.205170 0.455962 0.198982 0.012963
4 0.426937 0.455422 0.180755 0.018365
5 0.440607 0.889697 0.080504 0.033489
6 0.118173 0.058513 0.165565 0.018365
6 0.929291 0.040148 0.059239 0.020525
