6 0.157318 0.043936 0.149808 0.028463
6 0.529473 0.041090 0.184501 0.020493
6 0.907936 0.042229 0.033116 0.020493
8 0.208568 0.072969 0.179770 0.018216
4 0.319742 0.119079 0.402117 0.028463
10 0.274799 0.170882 0.309078 0.031879
10 0.582300 0.165758 0.078846 0.023909
10 0.239318 0.216422 0.111962 0.025047
10 0.505819 0.214145 0.033115 0.018216
8 0.315011 0.263671 0.386348 0.028463
4 0.462454 0.312058 0.674926 0.022770
4 0.199107 0.366138 0.148231 0.023909
4 0.225915 0.410540 0.195539 0.026186
4 0.210145 0.461205 0.164001 0.022770
4 0.219607 0.509023 0.182924 0.025047
4 0.197530 0.556271 0.148231 0.019355
8 0.381242 0.604658 0.496733 0.020493
4 0.434069 0.651907 0.615002 0.026186
4 0.287415 0.702571 0.315386 0.025047
4 0.324473 0.749251 0.383194 0.020493
8 0.333146 0.797638 0.403694 0.021632
8 0.397011 0.844317 0.531425 0.030740
