6 0.123353 0.074606 0.033882 0.020248
6 0.529171 0.073481 0.352684 0.017998
6 0.838732 0.068981 0.146310 0.026997
9 0.502989 0.197219 0.820876 0.218230
10 0.513000 0.333894 0.816256 0.046121
10 0.513000 0.413762 0.831657 0.055120
10 0.239631 0.460445 0.263358 0.026997
10 0.546112 0.509378 0.771593 0.066369
10 0.544572 0.570684 0.765433 0.058495
10 0.199588 0.613993 0.170952 0.025873
10 0.544572 0.671362 0.768513 0.093366
10 0.509920 0.733794 0.696128 0.033747
10 0.223460 0.768103 0.221775 0.025873
10 0.452936 0.796226 0.572919 0.037122
4 0.366516 0.826006 0.312641 0.028122
4 0.404248 0.856378 0.385026 0.028122
4 0.546708 0.887313 0.663786 0.026997
10 0.519756 0.925559 0.819336 0.056245
