6 0.066793 0.032645 0.029528 0.016873
6 0.478633 0.034895 0.368325 0.023623
6 0.798003 0.035457 0.139870 0.022498
9 0.452213 0.111388 0.794152 0.129363
10 0.456875 0.202504 0.812801 0.057370
10 0.365960 0.249187 0.634078 0.035997
10 0.356635 0.281809 0.612320 0.031497
10 0.462315 0.320056 0.820571 0.044996
10 0.460760 0.368988 0.817463 0.050620
10 0.312343 0.412297 0.526844 0.033747
10 0.462315 0.452793 0.829896 0.042746
10 0.453767 0.510725 0.812801 0.068619
10 0.456875 0.583281 0.819017 0.074243
10 0.456875 0.655274 0.815909 0.069743
10 0.459206 0.726143 0.820571 0.074243
10 0.459206 0.786324 0.820571 0.046121
10 0.455321 0.836382 0.812801 0.056245
10 0.456098 0.888690 0.817463 0.052870
