9 0.495148 0.522579 0.826936 0.207127
8 0.494641 0.122108 0.551018 0.020197
5 0.094133 0.965268 0.022526 0.010992
8 0.685049 0.078603 0.445517 0.019222
7 0.827178 0.031725 0.344400 0.016115
8 0.302921 0.229055 0.440942 0.012348
6 0.270173 0.038483 0.351296 0.026465
8 0.780975 0.760201 0.265757 0.047482
10 0.498320 0.287756 0.837212 0.078345
10 0.821684 0.853978 0.178196 0.116331
10 0.497552 0.677108 0.844893 0.066475
10 0.148073 0.896712 0.133647 0.042734
10 0.499856 0.163115 0.502327 0.037986
10 0.128103 0.199320 0.102923 0.039173
10 0.498320 0.372630 0.843357 0.079532
