6 0.078895 0.034480 0.033882 0.021290
6 0.470082 0.033360 0.332663 0.028013
6 0.805055 0.038402 0.152470 0.022411
10 0.095067 0.060813 0.072385 0.024652
10 0.467002 0.098911 0.819336 0.044821
10 0.428499 0.145413 0.653005 0.032496
10 0.312992 0.172866 0.498994 0.031375
8 0.603301 0.208723 0.251037 0.020170
9 0.461612 0.324139 0.823957 0.194973
10 0.460842 0.448518 0.813176 0.049304
10 0.459302 0.502304 0.807015 0.056027
10 0.458532 0.561692 0.814716 0.069473
10 0.456991 0.633967 0.814716 0.068353
10 0.454681 0.702880 0.816256 0.073955
10 0.457761 0.777956 0.822416 0.076196
10 0.454681 0.858074 0.816256 0.084040
10 0.476243 0.921945 0.763893 0.039219
