10 0.514466 0.187185 0.805174 0.041719
10 0.514296 0.133793 0.805170 0.041828
10 0.514401 0.722205 0.805589 0.068848
7 0.112739 0.051065 0.091962 0.072649
10 0.513930 0.517287 0.805134 0.027227
10 0.407021 0.282823 0.590615 0.012591
8 0.155804 0.669023 0.146379 0.014213
10 0.418316 0.605647 0.613569 0.012824
8 0.164916 0.227301 0.163382 0.011477
8 0.155590 0.485020 0.146023 0.014402
8 0.180894 0.550321 0.196784 0.011704
10 0.514443 0.634495 0.805049 0.026779
8 0.205255 0.257629 0.243594 0.014235
8 0.205212 0.580813 0.243362 0.014202
4 0.514415 0.397474 0.805847 0.056192
8 0.277714 0.306641 0.331517 0.011190
10 0.514254 0.336513 0.805197 0.042221
4 0.514214 0.451098 0.805002 0.027499
5 0.499792 0.977825 0.071635 0.045079
6 0.805264 0.051056 0.267618 0.039528
4 0.514254 0.336513 0.805197 0.042221
10 0.514214 0.451098 0.805002 0.027499
