9 0.500094 0.271359 0.836792 0.249455
9 0.499923 0.661878 0.837123 0.149034
9 0.498588 0.858003 0.838172 0.148808
9 0.499802 0.501021 0.837047 0.078779
7 0.112773 0.051093 0.091854 0.072700
8 0.193529 0.419543 0.222520 0.012088
10 0.841188 0.769191 0.150463 0.014634
10 0.841121 0.447025 0.150648 0.014810
10 0.841171 0.572871 0.150756 0.014625
8 0.200527 0.571816 0.236272 0.012069
8 0.226501 0.768166 0.287998 0.012050
10 0.841634 0.135489 0.150713 0.014507
6 0.805408 0.050998 0.267432 0.039552
8 0.222314 0.135527 0.277211 0.014960
8 0.243837 0.447020 0.322762 0.014648
0 0.222314 0.135527 0.277211 0.014960
5 0.501236 0.970376 0.048072 0.026533
