6 0.541979 0.031101 0.181271 0.024018
6 0.923436 0.031101 0.026797 0.021731
6 0.174709 0.035104 0.156050 0.029737
8 0.442675 0.059122 0.695134 0.025162
10 0.517547 0.117451 0.838574 0.070910
10 0.512818 0.204374 0.822812 0.102935
10 0.508878 0.286149 0.808625 0.051467
10 0.508090 0.352485 0.807049 0.078917
10 0.521488 0.455420 0.833846 0.124665
10 0.511242 0.557782 0.813354 0.075485
10 0.518335 0.645277 0.830693 0.101791
10 0.519912 0.745924 0.833846 0.099503
10 0.527005 0.837993 0.844879 0.077773
10 0.530157 0.919769 0.844879 0.085779
