10 0.504723 0.885426 0.825657 0.072307
9 0.520091 0.506555 0.794197 0.229116
9 0.520253 0.128773 0.793977 0.077939
10 0.504277 0.365855 0.826070 0.026605
9 0.520703 0.300386 0.794134 0.032528
10 0.517413 0.767483 0.784983 0.057102
8 0.164332 0.651214 0.145109 0.011363
10 0.172328 0.224903 0.096376 0.011302
5 0.905511 0.965164 0.021536 0.009244
8 0.504223 0.826859 0.825652 0.026094
8 0.183915 0.337667 0.183970 0.011882
8 0.291284 0.075643 0.398778 0.011769
9 0.519199 0.713939 0.800613 0.044438
4 0.474381 0.671694 0.765508 0.011621
4 0.504471 0.196780 0.827203 0.026434
4 0.291284 0.075643 0.398778 0.011769
7 0.350942 0.031376 0.701486 0.022918
6 0.712646 0.054792 0.112186 0.017936
6 0.851267 0.054792 0.134108 0.017936
4 0.503901 0.258514 0.833625 0.037343
