10 0.539498 0.094330 0.823314 0.070138
8 0.354858 0.156375 0.441926 0.023739
10 0.539498 0.264280 0.802126 0.189912
8 0.302644 0.382975 0.304203 0.032371
10 0.562956 0.456890 0.821801 0.108984
10 0.544795 0.540516 0.788505 0.045320
4 0.444908 0.588534 0.585703 0.039925
4 0.553876 0.644644 0.794559 0.059348
4 0.552362 0.701833 0.788505 0.044241
4 0.541768 0.755246 0.794559 0.071217
6 0.116988 0.046576 0.166479 0.024818
6 0.928195 0.030930 0.063565 0.021581
6 0.571021 0.047655 0.039350 0.020502
5 0.911547 0.800290 0.039350 0.021581
