10 0.733992 0.324828 0.367466 0.244463
10 0.307695 0.531341 0.366902 0.360279
10 0.733567 0.582202 0.366936 0.243777
10 0.307517 0.212165 0.366967 0.085082
10 0.733418 0.168837 0.366097 0.040837
8 0.389377 0.122106 0.597682 0.029256
9 0.520193 0.860953 0.793396 0.165919
10 0.399336 0.760715 0.551649 0.011791
8 0.239330 0.739598 0.295537 0.013431
5 0.904860 0.964684 0.022911 0.008591
8 0.288693 0.155677 0.395681 0.013834
10 0.308358 0.302787 0.367380 0.069658
8 0.709929 0.078839 0.414169 0.018331
6 0.713114 0.053443 0.107046 0.011594
7 0.369473 0.031067 0.661326 0.023188
6 0.851907 0.054701 0.132727 0.015161
