6 0.113331 0.058840 0.031834 0.018665
6 0.521105 0.058840 0.331979 0.023057
6 0.838683 0.060487 0.139462 0.026351
4 0.515799 0.107699 0.733689 0.074661
4 0.465775 0.181811 0.630609 0.029645
4 0.492303 0.228474 0.677601 0.028547
4 0.397560 0.272393 0.500243 0.026351
10 0.498366 0.334427 0.804936 0.055996
10 0.486997 0.404147 0.785229 0.052702
10 0.484723 0.501865 0.798872 0.098816
10 0.490029 0.611112 0.809483 0.119677
4 0.494577 0.705536 0.682149 0.020861
4 0.478660 0.753846 0.653347 0.027449
10 0.483965 0.812586 0.812515 0.065877
