10 0.514419 0.353828 0.806127 0.101238
10 0.514594 0.263173 0.805670 0.056461
4 0.500206 0.504387 0.835771 0.042107
10 0.514329 0.887795 0.805315 0.070677
4 0.499714 0.599772 0.834342 0.027243
4 0.499534 0.456659 0.834712 0.024582
4 0.349905 0.543481 0.534076 0.012791
4 0.387369 0.631444 0.609773 0.012401
8 0.224193 0.425054 0.283337 0.014569
4 0.216221 0.754907 0.267574 0.012897
7 0.890090 0.050802 0.091248 0.071649
4 0.343059 0.655338 0.521275 0.011010
4 0.191803 0.729147 0.217654 0.010376
4 0.164080 0.679463 0.163649 0.010750
4 0.202366 0.704645 0.239945 0.010608
4 0.185240 0.778034 0.206359 0.010450
10 0.312167 0.567899 0.459063 0.012901
4 0.341522 0.806418 0.516794 0.014324
8 0.193931 0.216555 0.224216 0.014637
10 0.173584 0.186572 0.123791 0.012909
8 0.418656 0.143615 0.669733 0.040241
6 0.185293 0.051183 0.252479 0.037273
4 0.337124 0.833711 0.507597 0.014521
8 0.337124 0.833711 0.507597 0.014521
5 0.499871 0.978196 0.071962 0.045510
