6 0.166964 0.051872 0.143937 0.015805
6 0.527581 0.053001 0.174892 0.018063
6 0.905997 0.048485 0.034050 0.015805
10 0.509782 0.087998 0.804812 0.049674
10 0.509009 0.161944 0.809455 0.048545
10 0.513652 0.246616 0.809455 0.082413
10 0.510556 0.351608 0.812550 0.084671
8 0.529129 0.422731 0.131556 0.023708
8 0.529129 0.470712 0.503007 0.022579
10 0.491210 0.542400 0.776953 0.080155
10 0.376679 0.619733 0.414787 0.027095
4 0.434718 0.667149 0.533961 0.029353
4 0.545380 0.728112 0.752189 0.049674
10 0.513652 0.817299 0.818741 0.083542
