9 0.527624 0.840454 0.762261 0.120344
9 0.527742 0.684592 0.761913 0.109398
9 0.511392 0.130813 0.794001 0.122093
10 0.300785 0.501130 0.371233 0.179583
4 0.726032 0.337389 0.370269 0.042858
4 0.725304 0.416281 0.368708 0.028185
4 0.725945 0.380678 0.369937 0.027749
4 0.725027 0.294385 0.369124 0.027623
4 0.725125 0.538358 0.368312 0.026728
10 0.724529 0.217636 0.367638 0.027819
4 0.725148 0.573863 0.368532 0.026092
4 0.725277 0.502376 0.368551 0.025821
4 0.709124 0.458848 0.401739 0.042040
4 0.276766 0.277982 0.320382 0.012919
4 0.257957 0.315058 0.281865 0.012842
5 0.094065 0.965114 0.022844 0.011032
4 0.237276 0.296746 0.240527 0.013014
6 0.271098 0.031132 0.349648 0.011990
8 0.240584 0.761390 0.251406 0.012980
8 0.283319 0.233449 0.401989 0.060502
7 0.827123 0.031775 0.344992 0.016009
8 0.284762 0.373975 0.405067 0.060653
8 0.709178 0.258197 0.400743 0.028510
8 0.336639 0.611857 0.443176 0.013152
4 0.284762 0.373975 0.405067 0.060653
4 0.709178 0.258197 0.400743 0.028510
4 0.283319 0.233449 0.401989 0.060502
4 0.336639 0.611857 0.443176 0.013152
6 0.161459 0.044938 0.136788 0.014314
