6 0.528416 0.028266 0.212913 0.027449
6 0.174079 0.033413 0.156965 0.026305
6 0.907620 0.029410 0.035745 0.016012
10 0.386992 0.059718 0.477113 0.021731
10 0.328713 0.090027 0.351229 0.025162
10 0.508990 0.142638 0.833004 0.070910
10 0.508213 0.223270 0.831450 0.092641
10 0.508990 0.298183 0.833004 0.052611
8 0.539295 0.371381 0.088584 0.020587
8 0.547066 0.402261 0.197372 0.032024
8 0.542403 0.433142 0.091693 0.025162
8 0.544735 0.465738 0.083922 0.014868
10 0.519869 0.504052 0.823680 0.054898
10 0.519092 0.559523 0.815909 0.051467
10 0.521423 0.620140 0.820571 0.065192
10 0.523754 0.680757 0.828342 0.051467
10 0.521423 0.733368 0.820571 0.053755
10 0.518315 0.785407 0.820571 0.052611
10 0.519092 0.839161 0.822126 0.052611
10 0.526085 0.891772 0.842329 0.052611
10 0.527639 0.943240 0.845437 0.045749
