10 0.499495 0.135601 0.834859 0.061502
10 0.500042 0.344017 0.836494 0.061292
10 0.499470 0.410049 0.835168 0.045974
10 0.499663 0.234957 0.835254 0.046060
9 0.499027 0.698757 0.836712 0.191281
9 0.499254 0.516654 0.836671 0.113275
9 0.499597 0.879825 0.836408 0.104968
7 0.112775 0.051027 0.092083 0.072616
8 0.322975 0.188246 0.480870 0.012062
10 0.412142 0.274676 0.659642 0.013642
8 0.185710 0.297039 0.205868 0.013444
6 0.805247 0.051091 0.267602 0.039481
8 0.850608 0.595670 0.131954 0.012803
10 0.850633 0.817992 0.131447 0.012917
10 0.853531 0.450868 0.125976 0.011701
8 0.850633 0.817992 0.131447 0.012917
10 0.850608 0.595670 0.131954 0.012803
5 0.499861 0.960913 0.063642 0.018208
