6 0.109862 0.039900 0.028102 0.023623
6 0.506410 0.041588 0.337222 0.020248
6 0.845974 0.041025 0.145193 0.016873
10 0.504068 0.078709 0.819636 0.040496
10 0.506410 0.121455 0.821197 0.044996
10 0.507191 0.167013 0.822759 0.043871
10 0.507971 0.244069 0.824320 0.114739
10 0.387758 0.316062 0.477731 0.024748
4 0.529048 0.340247 0.741576 0.023623
4 0.539976 0.372869 0.763433 0.043871
4 0.539976 0.422927 0.766555 0.053995
4 0.514216 0.460049 0.718157 0.024748
4 0.536854 0.492671 0.763433 0.040496
10 0.501727 0.550040 0.864911 0.060744
10 0.508752 0.603473 0.822759 0.046121
10 0.511233 0.635353 0.727525 0.028122
10 0.509672 0.696097 0.836810 0.084367
10 0.512014 0.761341 0.841493 0.046121
10 0.507330 0.819835 0.835248 0.064119
10 0.507330 0.895766 0.838371 0.089992
