4 0.526572 0.372902 0.781346 0.070749
4 0.526499 0.219119 0.783006 0.055934
4 0.525883 0.533861 0.781972 0.041581
4 0.526085 0.272746 0.781986 0.026850
4 0.526088 0.165546 0.781720 0.026778
4 0.526053 0.312065 0.782416 0.027198
4 0.526119 0.433689 0.781469 0.026792
4 0.550264 0.580187 0.732732 0.027523
4 0.526685 0.126487 0.783569 0.026858
4 0.547679 0.621837 0.737871 0.027081
4 0.545251 0.663712 0.743419 0.027054
7 0.112808 0.051080 0.091794 0.072654
10 0.142442 0.862671 0.118964 0.024435
10 0.798976 0.713069 0.235968 0.044635
5 0.499907 0.977896 0.071837 0.045426
10 0.807899 0.829408 0.218282 0.027146
10 0.840293 0.786910 0.153197 0.045692
4 0.540737 0.480174 0.752391 0.041819
10 0.540737 0.480174 0.752391 0.041819
6 0.805206 0.051066 0.267602 0.039283
