9 0.536566 0.543174 0.760933 0.167221
5 0.906292 0.964686 0.020227 0.008435
1 0.536586 0.695510 0.760743 0.022409
1 0.260305 0.656122 0.207933 0.009774
1 0.310163 0.672570 0.307731 0.010127
4 0.504102 0.817309 0.825787 0.026521
4 0.410475 0.737747 0.637908 0.011443
4 0.304643 0.075634 0.425480 0.011686
8 0.304643 0.075634 0.425480 0.011686
8 0.207145 0.440341 0.230552 0.011197
10 0.171372 0.639748 0.029094 0.007783
7 0.358815 0.032991 0.717530 0.017798
9 0.539405 0.773548 0.769566 0.031643
10 0.136266 0.845017 0.036713 0.021823
8 0.237227 0.420020 0.297942 0.016367
9 0.520342 0.245984 0.796395 0.303336
6 0.715911 0.055035 0.117200 0.017458
6 0.852879 0.053398 0.136969 0.018549
