6 0.094555 0.057484 0.029262 0.021450
6 0.485742 0.057484 0.331123 0.023708
6 0.819945 0.061435 0.152470 0.022579
4 0.478811 0.093046 0.770053 0.040642
4 0.479581 0.141026 0.771593 0.048545
4 0.507303 0.190135 0.725390 0.045158
4 0.480425 0.240552 0.770053 0.055318
4 0.223997 0.280065 0.241797 0.019192
4 0.485045 0.312804 0.760812 0.044029
4 0.472724 0.348931 0.733090 0.034997
4 0.486585 0.396911 0.757732 0.065479
4 0.488125 0.453923 0.760812 0.048545
4 0.492746 0.532949 0.773133 0.109508
10 0.493516 0.625523 0.783914 0.077897
4 0.487549 0.703914 0.770053 0.081284
4 0.487549 0.769393 0.766973 0.051932
4 0.489089 0.830356 0.766973 0.072253
4 0.492940 0.912769 0.774673 0.101605
