10 0.307603 0.222768 0.367437 0.132561
10 0.307799 0.106007 0.367288 0.071712
9 0.733522 0.305233 0.367748 0.093168
10 0.733627 0.128777 0.366801 0.116997
10 0.291200 0.460363 0.399750 0.315645
10 0.717322 0.649563 0.399953 0.116991
10 0.717423 0.781145 0.400129 0.116861
5 0.904733 0.964710 0.022287 0.008538
10 0.291720 0.840917 0.400596 0.101468
10 0.716896 0.893823 0.398473 0.026290
10 0.717397 0.555527 0.399744 0.041618
10 0.713006 0.860523 0.390860 0.011577
10 0.717040 0.506492 0.399284 0.025638
10 0.717320 0.427256 0.401201 0.100741
10 0.291435 0.738867 0.399189 0.069735
10 0.291450 0.660449 0.399364 0.056343
8 0.717146 0.222795 0.400238 0.041494
10 0.881051 0.254846 0.065843 0.009420
7 0.350595 0.032578 0.701680 0.017318
6 0.713258 0.054211 0.109837 0.015669
6 0.851822 0.055517 0.136874 0.016975
