9 0.510849 0.705434 0.793854 0.273605
9 0.510728 0.301040 0.794093 0.259161
10 0.495292 0.459728 0.825832 0.026143
10 0.495347 0.871332 0.825687 0.026204
10 0.477388 0.504239 0.788848 0.010743
10 0.326825 0.485648 0.423892 0.010412
10 0.326842 0.897126 0.423753 0.010574
5 0.094310 0.965959 0.022298 0.009583
10 0.331890 0.524903 0.433787 0.010512
10 0.162798 0.126309 0.096257 0.009948
4 0.495249 0.090460 0.825784 0.041297
4 0.299216 0.152052 0.432852 0.010806
4 0.292137 0.550650 0.417870 0.010972
6 0.271165 0.031848 0.348997 0.010057
7 0.827593 0.031808 0.343833 0.015435
6 0.160546 0.045667 0.132165 0.014721
