10 0.499915 0.320448 0.835730 0.114964
10 0.499934 0.473303 0.835710 0.114918
10 0.499973 0.584627 0.835296 0.084708
10 0.499577 0.733210 0.835283 0.056960
4 0.501795 0.834671 0.831120 0.041982
10 0.499925 0.204061 0.835172 0.042462
10 0.499926 0.653217 0.834719 0.027596
4 0.502386 0.882393 0.831615 0.027480
4 0.501851 0.786829 0.829713 0.027548
7 0.112674 0.050985 0.092037 0.072791
8 0.183901 0.397135 0.203028 0.015389
8 0.355153 0.686165 0.545802 0.015025
8 0.338574 0.244506 0.511401 0.014959
8 0.483434 0.156203 0.802115 0.031104
8 0.261778 0.121476 0.358710 0.017670
6 0.805319 0.051131 0.267675 0.039654
5 0.499944 0.978022 0.071897 0.045274
