6 0.190406 0.060554 0.228666 0.031098
6 0.824435 0.059403 0.249454 0.017277
7 0.492629 0.088773 0.113534 0.101356
6 0.752477 0.149817 0.383775 0.069107
6 0.249572 0.143482 0.353393 0.086383
6 0.494221 0.211245 0.833112 0.043768
8 0.514209 0.248102 0.118331 0.023036
8 0.519006 0.270561 0.201482 0.019580
8 0.519006 0.292445 0.233463 0.014973
8 0.514209 0.314329 0.275039 0.017277
8 0.516608 0.335637 0.167902 0.016125
8 0.515808 0.356368 0.246256 0.013821
8 0.546990 0.380556 0.388572 0.020732
8 0.550988 0.399560 0.537285 0.014973
8 0.519006 0.427203 0.284633 0.014973
8 0.514209 0.448511 0.108736 0.013821
8 0.134432 0.390922 0.087949 0.036857
10 0.510212 0.572902 0.893877 0.221141
8 0.516608 0.694991 0.087949 0.018428
8 0.515808 0.715147 0.086349 0.017277
8 0.523804 0.732999 0.281435 0.020732
8 0.235972 0.753155 0.207878 0.019580
8 0.190399 0.776191 0.113534 0.024187
10 0.540594 0.757763 0.378978 0.017277
10 0.554186 0.777919 0.585257 0.013821
4 0.461991 0.795793 0.606045 0.023036
4 0.231726 0.814797 0.145515 0.021884
4 0.567529 0.847623 0.746763 0.039160
4 0.577923 0.887359 0.761154 0.042616
5 0.525154 0.920185 0.057566 0.013821
5 0.153009 0.963434 0.140718 0.025339
