9 0.499483 0.628713 0.835933 0.228305
9 0.499061 0.211846 0.834305 0.166400
9 0.499057 0.404945 0.834513 0.145720
7 0.112718 0.050991 0.091850 0.072416
10 0.499663 0.866926 0.835086 0.040037
1 0.495913 0.792187 0.827006 0.027156
1 0.331408 0.813067 0.498009 0.013096
1 0.410260 0.829437 0.655900 0.013071
1 0.497088 0.772404 0.830231 0.012947
10 0.837823 0.505371 0.151060 0.014036
10 0.823610 0.322452 0.150612 0.013760
8 0.263322 0.119265 0.361456 0.012202
10 0.823050 0.120234 0.150846 0.014506
8 0.221936 0.504413 0.278166 0.011846
5 0.499945 0.977819 0.071654 0.044924
6 0.805326 0.051051 0.267656 0.039534
8 0.163026 0.321655 0.160649 0.011834
