9 0.500427 0.812383 0.835227 0.176754
4 0.499825 0.298234 0.834997 0.114346
4 0.500119 0.434624 0.835433 0.055923
4 0.499629 0.534561 0.834853 0.041905
4 0.499710 0.488383 0.834646 0.027417
4 0.499588 0.381138 0.834522 0.027334
4 0.499596 0.691563 0.834760 0.042081
4 0.499637 0.645004 0.834193 0.027036
4 0.499710 0.580154 0.835074 0.025382
10 0.514832 0.169694 0.806473 0.058870
4 0.499295 0.613327 0.834301 0.012889
7 0.112665 0.050985 0.092074 0.072683
8 0.181606 0.119643 0.199035 0.011731
8 0.261310 0.222239 0.357045 0.014586
6 0.805240 0.051026 0.267790 0.039531
5 0.499836 0.978136 0.071744 0.045489
