10 0.726091 0.664405 0.369241 0.286159
10 0.725661 0.856800 0.368271 0.073703
10 0.725012 0.154572 0.367441 0.089506
10 0.725195 0.248419 0.367585 0.073596
10 0.725487 0.464429 0.368209 0.089170
10 0.725297 0.334850 0.368045 0.073810
9 0.298614 0.566443 0.368083 0.139838
9 0.299417 0.885764 0.367094 0.061326
10 0.300148 0.832753 0.368937 0.028439
5 0.094132 0.964979 0.022538 0.011996
8 0.708568 0.082851 0.400170 0.027984
4 0.283148 0.233852 0.401272 0.135015
4 0.283322 0.731091 0.401304 0.150114
4 0.282183 0.437911 0.399386 0.090302
4 0.283066 0.112880 0.401462 0.087841
4 0.282475 0.346755 0.400190 0.073370
8 0.708611 0.398360 0.400737 0.027759
7 0.827564 0.031778 0.344248 0.016168
6 0.270334 0.038477 0.351436 0.026998
10 0.445606 0.492878 0.067200 0.011834
