6 0.495139 0.044463 0.187345 0.019123
6 0.132938 0.039401 0.137387 0.029247
6 0.868269 0.046151 0.040591 0.020248
4 0.440497 0.066399 0.646342 0.026997
4 0.504506 0.102395 0.771239 0.044996
9 0.474063 0.161452 0.813391 0.064119
9 0.450645 0.222759 0.763433 0.058495
9 0.455328 0.277317 0.775922 0.050620
9 0.449083 0.326249 0.766555 0.047246
9 0.442839 0.375745 0.757188 0.051745
9 0.454548 0.467424 0.818075 0.064119
9 0.451425 0.523669 0.811830 0.052870
9 0.440497 0.574289 0.793096 0.050620
9 0.438155 0.622659 0.785290 0.048370
9 0.441277 0.670467 0.791534 0.047246
9 0.442839 0.707589 0.791534 0.029247
9 0.439716 0.737961 0.788412 0.031497
9 0.441277 0.775082 0.794657 0.040496
9 0.442058 0.821203 0.793096 0.049495
9 0.481088 0.898258 0.830565 0.079868
