4 0.504417 0.440185 0.825842 0.072102
4 0.504542 0.312705 0.825930 0.041723
4 0.504368 0.368703 0.825621 0.041974
4 0.504352 0.241191 0.825662 0.072650
4 0.504533 0.559928 0.824850 0.026594
10 0.520277 0.511435 0.793013 0.042304
5 0.904945 0.964676 0.022188 0.008868
8 0.503837 0.122185 0.588677 0.019488
8 0.350256 0.184645 0.517661 0.011633
8 0.694284 0.078922 0.445073 0.018065
8 0.789607 0.631998 0.253935 0.009533
10 0.101233 0.154329 0.018303 0.009668
10 0.154121 0.774178 0.129798 0.036108
10 0.851226 0.650127 0.153302 0.020503
10 0.827149 0.735177 0.207351 0.113146
10 0.136830 0.169128 0.099578 0.017422
7 0.348553 0.031140 0.698295 0.018551
6 0.714923 0.054531 0.109598 0.015325
6 0.851659 0.054128 0.130474 0.012905
