6 0.157713 0.069765 0.146087 0.018063
6 0.510496 0.064684 0.183385 0.023708
6 0.881152 0.064120 0.041961 0.013547
10 0.155382 0.095166 0.163182 0.023708
10 0.509719 0.134115 0.775502 0.051932
8 0.194234 0.178144 0.231563 0.022579
10 0.515159 0.213141 0.764623 0.051932
10 0.513604 0.264508 0.773948 0.053061
10 0.509719 0.319827 0.784827 0.046287
10 0.515159 0.373452 0.770840 0.047416
8 0.154604 0.444575 0.167844 0.036126
10 0.517713 0.494770 0.767732 0.067737
10 0.519268 0.555733 0.777056 0.054190
8 0.258954 0.599197 0.346567 0.025966
10 0.526261 0.648307 0.778610 0.065479
10 0.526261 0.709834 0.781719 0.046287
10 0.523153 0.760637 0.775502 0.050803
8 0.184356 0.806924 0.194264 0.023708
10 0.521599 0.844744 0.781719 0.045158
10 0.465651 0.887079 0.657390 0.032740
10 0.392607 0.917561 0.505087 0.025966
8 0.206891 0.950865 0.226900 0.022579
