6 0.112340 0.040692 0.041156 0.021521
6 0.519938 0.040125 0.368817 0.022654
10 0.516772 0.208896 0.853186 0.065696
10 0.551596 0.415612 0.862683 0.066829
8 0.545265 0.461486 0.770874 0.022654
10 0.542099 0.498865 0.853186 0.043042
10 0.533393 0.549270 0.838939 0.046440
10 0.537350 0.598542 0.840522 0.047573
8 0.396472 0.638186 0.473288 0.020388
10 0.531019 0.684060 0.846854 0.066829
10 0.535767 0.751455 0.853186 0.067961
10 0.513607 0.798461 0.691729 0.023786
8 0.458996 0.828478 0.588840 0.018123
10 0.531019 0.863025 0.843688 0.053236
10 0.552789 0.075564 0.796201 0.040777
6 0.869870 0.036496 0.153542 0.022654
10 0.440111 0.114085 0.576177 0.023786
10 0.532711 0.149765 0.878512 0.045308
10 0.338806 0.261335 0.338742 0.021521
10 0.387084 0.286254 0.441630 0.023786
10 0.388667 0.314572 0.444796 0.026052
10 0.417159 0.343455 0.504947 0.024919
10 0.265992 0.371772 0.202612 0.024919
10 0.507385 0.903004 0.653740 0.027185
10 0.499470 0.927923 0.631579 0.027185
