6 0.157003 0.058588 0.131799 0.015805
6 0.519449 0.060846 0.188284 0.015805
6 0.890525 0.055766 0.042364 0.016934
10 0.219764 0.081167 0.260459 0.024837
10 0.504543 0.144388 0.826879 0.101605
4 0.499836 0.262928 0.823741 0.108379
4 0.502190 0.350986 0.831586 0.063221
4 0.501405 0.411949 0.826879 0.054190
4 0.500621 0.462187 0.828448 0.046287
4 0.499052 0.520328 0.825310 0.072253
10 0.501405 0.590888 0.830017 0.075640
4 0.457472 0.649593 0.635458 0.023708
10 0.506112 0.689671 0.842570 0.040642
10 0.506897 0.733699 0.841001 0.049674
4 0.508466 0.793534 0.822172 0.040642
10 0.507681 0.842079 0.820603 0.049674
4 0.508466 0.894575 0.819034 0.046287
4 0.510035 0.943119 0.822172 0.046287
