9 0.511179 0.571086 0.794142 0.138569
10 0.527075 0.230289 0.759633 0.087333
10 0.527071 0.141356 0.759236 0.072522
10 0.527250 0.410674 0.759768 0.103422
4 0.511609 0.801425 0.793373 0.026658
4 0.397770 0.831151 0.566019 0.011676
4 0.466118 0.875837 0.702397 0.011814
4 0.441353 0.853485 0.652290 0.011371
4 0.378415 0.704441 0.526577 0.011775
4 0.471307 0.726651 0.713035 0.011605
4 0.337490 0.771055 0.444711 0.011536
4 0.511152 0.748893 0.793301 0.011808
4 0.504555 0.682006 0.779877 0.011822
8 0.212483 0.482111 0.259042 0.011903
6 0.270928 0.031328 0.349217 0.011121
8 0.380091 0.661402 0.594276 0.011797
5 0.093637 0.964685 0.021851 0.009276
10 0.195504 0.324464 0.096264 0.011325
8 0.510748 0.083018 0.791521 0.026405
7 0.827481 0.031750 0.344679 0.015673
8 0.510934 0.296166 0.791956 0.026922
8 0.510924 0.344678 0.790964 0.012022
10 0.158878 0.045911 0.124274 0.011557
4 0.510934 0.296166 0.791956 0.026922
