6 0.084846 0.037723 0.028243 0.018063
6 0.481027 0.034901 0.340480 0.021450
6 0.820722 0.034336 0.147489 0.024837
4 0.481027 0.072156 0.823741 0.048545
10 0.484165 0.121830 0.833155 0.048545
4 0.485734 0.183922 0.833155 0.071124
4 0.491225 0.236418 0.731168 0.031611
4 0.516330 0.295123 0.781377 0.090316
4 0.428464 0.358909 0.599370 0.037255
4 0.516330 0.401809 0.781377 0.044029
4 0.382962 0.441322 0.514642 0.032740
4 0.417481 0.473497 0.583680 0.033868
4 0.363349 0.505672 0.475416 0.028224
10 0.488087 0.543492 0.831586 0.054190
4 0.496717 0.596553 0.833155 0.047416
4 0.491225 0.656387 0.825310 0.076768
4 0.492010 0.727511 0.830017 0.072253
4 0.409636 0.783394 0.555437 0.034997
4 0.470828 0.810488 0.677821 0.028224
4 0.493579 0.862984 0.823741 0.069995
4 0.520252 0.917738 0.776670 0.046287
