6 0.155534 0.048221 0.146593 0.018993
6 0.525168 0.052131 0.186000 0.020110
6 0.904261 0.053248 0.029949 0.017875
4 0.501524 0.085089 0.832269 0.048040
4 0.503889 0.129777 0.732964 0.036868
4 0.533838 0.177817 0.780252 0.065915
4 0.555118 0.236470 0.725083 0.053626
4 0.533838 0.278924 0.777100 0.031282
4 0.500736 0.381707 0.827541 0.167581
10 0.503889 0.501248 0.824388 0.073736
10 0.519652 0.564929 0.792863 0.049157
10 0.502313 0.626375 0.830693 0.060329
10 0.473239 0.671185 0.775524 0.034633
10 0.525255 0.713639 0.781829 0.052509
10 0.508705 0.777878 0.852761 0.062564
10 0.501611 0.846586 0.838574 0.072618
10 0.500823 0.911943 0.840151 0.058095
