6 0.166741 0.062073 0.140842 0.021290
6 0.524263 0.059272 0.174892 0.024652
6 0.895715 0.055910 0.032502 0.020170
8 0.518846 0.087846 0.092863 0.021290
8 0.522715 0.115299 0.137747 0.020170
10 0.490987 0.152276 0.814098 0.047063
4 0.480153 0.198779 0.795525 0.043701
4 0.457711 0.235196 0.657779 0.020170
4 0.487892 0.295145 0.801716 0.086281
8 0.523489 0.379745 0.092863 0.015688
8 0.525037 0.408879 0.040241 0.020170
10 0.494083 0.455942 0.823384 0.062750
10 0.425983 0.501884 0.563368 0.020170
4 0.264247 0.531018 0.224419 0.026893
4 0.466998 0.575279 0.769214 0.068353
4 0.494083 0.641951 0.820289 0.067232
8 0.528132 0.689013 0.111435 0.022411
9 0.505691 0.838605 0.837313 0.279013
