6 0.511528 0.058318 0.349822 0.016401
6 0.855018 0.058904 0.156708 0.022259
6 0.113428 0.057732 0.056985 0.022259
10 0.247975 0.085849 0.335576 0.022259
10 0.505197 0.123923 0.850020 0.046861
10 0.503614 0.173713 0.846854 0.052718
8 0.501239 0.229360 0.845271 0.053890
10 0.529732 0.276806 0.766126 0.024602
10 0.497282 0.306094 0.698061 0.024602
10 0.505988 0.357641 0.851603 0.071463
10 0.508362 0.422660 0.859517 0.058576
10 0.454544 0.466592 0.618916 0.029288
10 0.507571 0.514038 0.829442 0.044518
10 0.512320 0.564414 0.845271 0.051547
10 0.300210 0.605417 0.307083 0.025773
10 0.373024 0.634119 0.452711 0.033974
10 0.358778 0.665750 0.424218 0.029288
10 0.400725 0.697381 0.508112 0.031631
10 0.516277 0.744241 0.853186 0.045689
10 0.515485 0.794617 0.851603 0.048032
10 0.536063 0.843235 0.772457 0.044518
