6 0.168137 0.080747 0.143937 0.020321
6 0.529528 0.079054 0.182630 0.016934
6 0.897110 0.074538 0.026311 0.016934
10 0.539588 0.147355 0.732069 0.119669
10 0.553518 0.237107 0.750641 0.048545
10 0.529528 0.329116 0.814098 0.088058
10 0.541136 0.399111 0.719687 0.051932
10 0.521016 0.453865 0.772309 0.059834
10 0.509408 0.535149 0.841957 0.114024
10 0.506312 0.616998 0.823384 0.049674
10 0.506312 0.679655 0.820289 0.073382
10 0.505539 0.783518 0.821836 0.132087
10 0.514051 0.886252 0.838861 0.073382
10 0.507086 0.945522 0.824932 0.051932
5 0.158077 0.986164 0.136199 0.024837
