10 0.514536 0.846273 0.805123 0.085219
10 0.514910 0.379313 0.805384 0.099907
10 0.514600 0.533062 0.805052 0.128807
10 0.515354 0.167610 0.805780 0.055895
10 0.514767 0.660435 0.804647 0.045445
10 0.514864 0.743409 0.805160 0.041444
10 0.514502 0.276001 0.804590 0.026835
7 0.112834 0.051035 0.092271 0.072659
8 0.225271 0.120637 0.282915 0.014298
8 0.210135 0.617922 0.254873 0.014677
8 0.179447 0.784730 0.193466 0.014547
8 0.178812 0.703823 0.191475 0.014217
8 0.152655 0.449482 0.139769 0.014275
8 0.121326 0.215576 0.076448 0.012267
8 0.144778 0.310316 0.123386 0.013990
8 0.183044 0.243766 0.199924 0.013941
6 0.805483 0.051184 0.267746 0.039532
5 0.500226 0.978163 0.071613 0.044956
8 0.805483 0.051184 0.267746 0.039532
