10 0.101523 0.774196 0.122059 0.087198
10 0.653269 0.777383 0.145067 0.194362
10 0.388177 0.386248 0.130604 0.270200
10 0.247845 0.804762 0.130563 0.148340
10 0.644682 0.909486 0.126719 0.042068
10 0.819834 0.255024 0.124230 0.133461
10 0.096294 0.845817 0.110863 0.027535
8 0.081437 0.711255 0.080609 0.014061
8 0.464840 0.598876 0.561241 0.123179
8 0.617382 0.660657 0.074654 0.012066
4 0.079363 0.894031 0.075404 0.011456
4 0.069904 0.878836 0.057079 0.010601
7 0.879215 0.834469 0.207715 0.287095
8 0.367372 0.231515 0.088551 0.013224
4 0.083274 0.924151 0.083018 0.010515
8 0.789587 0.169138 0.063421 0.013379
4 0.056615 0.909505 0.029688 0.010628
7 0.885372 0.508512 0.228834 0.363837
6 0.135567 0.031291 0.174489 0.010837
5 0.954416 0.964762 0.008406 0.009021
5 0.045040 0.964649 0.009428 0.009308
10 0.787264 0.053529 0.062247 0.010192
10 0.079171 0.045910 0.062953 0.011283
7 0.445656 0.835355 0.263628 0.335355
7 0.518774 0.032276 0.524367 0.021677
7 0.158945 0.301572 0.313973 0.383517
7 0.609381 0.238167 0.277415 0.367485
