4 0.503945 0.695423 0.825808 0.087631
4 0.504401 0.500066 0.826670 0.106154
4 0.503727 0.246774 0.825960 0.087437
4 0.504540 0.600457 0.825912 0.066377
4 0.504499 0.151877 0.825828 0.066096
4 0.504117 0.777967 0.825886 0.048086
4 0.504177 0.912452 0.825865 0.032819
4 0.504003 0.329232 0.825840 0.047680
7 0.890214 0.050854 0.091096 0.071763
8 0.124731 0.376256 0.085292 0.011768
8 0.131472 0.825450 0.099159 0.011997
10 0.513387 0.416089 0.808373 0.032973
10 0.513306 0.865122 0.807928 0.032711
6 0.185242 0.051233 0.252459 0.037404
5 0.499023 0.968563 0.029146 0.027299
