10 0.496954 0.830449 0.828269 0.118025
10 0.496693 0.141474 0.828097 0.103329
10 0.496815 0.245326 0.827735 0.088131
10 0.496014 0.733899 0.826883 0.057915
9 0.511202 0.421877 0.794716 0.199497
9 0.512001 0.630685 0.795408 0.078071
8 0.421117 0.075659 0.676332 0.012676
8 0.452384 0.690532 0.740257 0.012380
8 0.496376 0.565748 0.827340 0.027407
5 0.094249 0.965283 0.022316 0.011275
8 0.417395 0.303720 0.669372 0.012396
10 0.366465 0.533464 0.502691 0.011722
7 0.827822 0.031717 0.344745 0.015934
6 0.271032 0.038132 0.349658 0.025699
