9 0.499082 0.494581 0.836313 0.239407
9 0.498749 0.776424 0.834927 0.194772
4 0.518075 0.229741 0.797621 0.031331
4 0.518070 0.186962 0.797645 0.029399
7 0.112644 0.051064 0.091940 0.072522
4 0.402331 0.261871 0.566156 0.012805
8 0.362369 0.121627 0.559492 0.014970
10 0.388896 0.346713 0.570001 0.013869
10 0.366959 0.655323 0.522222 0.014115
10 0.343249 0.156044 0.451883 0.013512
6 0.805262 0.051081 0.267414 0.039428
10 0.853783 0.672180 0.126730 0.011661
10 0.853663 0.367180 0.126334 0.011418
8 0.239475 0.317134 0.268754 0.013581
8 0.186739 0.297264 0.163158 0.010996
5 0.499863 0.964008 0.037084 0.020165
