6 0.085976 0.032152 0.034058 0.019372
6 0.488189 0.032152 0.351937 0.019372
6 0.846613 0.041268 0.150830 0.023931
8 0.494677 0.069187 0.851460 0.041024
10 0.505219 0.122746 0.869300 0.041024
8 0.524680 0.199097 0.077848 0.027349
8 0.526302 0.226446 0.155695 0.020512
10 0.500353 0.298808 0.882275 0.099141
10 0.153282 0.372309 0.068117 0.025070
10 0.497920 0.414473 0.870922 0.038745
10 0.489811 0.459485 0.851460 0.049001
10 0.492244 0.512475 0.856325 0.050140
10 0.489811 0.583697 0.851460 0.094583
10 0.489000 0.660047 0.849838 0.053559
10 0.489000 0.710758 0.849838 0.045582
10 0.487378 0.781410 0.846594 0.095723
10 0.493055 0.867447 0.857947 0.069513
10 0.395745 0.924994 0.562774 0.027349
