6 0.173156 0.072012 0.135068 0.019909
6 0.525834 0.064270 0.189095 0.024333
6 0.892769 0.061505 0.040521 0.018803
10 0.509325 0.106852 0.798403 0.054196
10 0.510826 0.178191 0.786397 0.050877
10 0.516079 0.288241 0.796902 0.129406
10 0.514578 0.396079 0.784896 0.061938
10 0.522082 0.483456 0.805907 0.081846
4 0.484563 0.556454 0.604805 0.024333
4 0.550596 0.617839 0.724866 0.054195
4 0.525083 0.675352 0.673840 0.027651
10 0.449295 0.722358 0.636321 0.028757
10 0.550596 0.780978 0.739874 0.055302
5 0.187413 0.941906 0.133567 0.027651
