6 0.098120 0.058326 0.021758 0.020376
6 0.512291 0.060024 0.343459 0.026036
6 0.834769 0.067382 0.133654 0.031696
10 0.547258 0.097946 0.714892 0.040752
10 0.530940 0.148887 0.750636 0.054336
10 0.497527 0.203789 0.823680 0.046412
10 0.523947 0.259824 0.780165 0.070184
10 0.522393 0.371326 0.773948 0.157349
10 0.505297 0.516223 0.823680 0.134709
8 0.499858 0.598860 0.091693 0.028300
8 0.503743 0.634518 0.329472 0.027168
10 0.492087 0.680365 0.837667 0.064524
4 0.214678 0.733569 0.133654 0.023772
4 0.339784 0.765831 0.259537 0.024904
4 0.344447 0.799791 0.259537 0.027168
4 0.505297 0.829790 0.587455 0.030564
4 0.466445 0.860920 0.643403 0.031696
4 0.512291 0.916954 0.865641 0.075845
5 0.841763 0.966763 0.135208 0.014716
