6 0.183496 0.062745 0.130109 0.024240
6 0.539384 0.062194 0.183684 0.023138
6 0.914406 0.065500 0.036737 0.014324
10 0.522546 0.111776 0.795964 0.073822
10 0.520250 0.195514 0.788310 0.060600
10 0.525608 0.283109 0.811271 0.085942
10 0.519485 0.366296 0.795964 0.053989
10 0.521016 0.439016 0.792902 0.060600
10 0.519485 0.519448 0.811271 0.078229
10 0.515658 0.607043 0.788310 0.066109
10 0.516424 0.681966 0.795964 0.061702
10 0.512597 0.774519 0.797495 0.103571
5 0.165128 0.924366 0.130109 0.022036
