6 0.168005 0.056503 0.147489 0.023772
6 0.535943 0.058201 0.180439 0.022640
6 0.912510 0.061031 0.029812 0.014716
10 0.517114 0.101784 0.833155 0.062260
4 0.514761 0.173100 0.828448 0.073581
4 0.522606 0.226871 0.731168 0.024904
4 0.184480 0.258001 0.058054 0.032828
4 0.512407 0.295923 0.833155 0.052072
4 0.511623 0.359882 0.834724 0.075845
4 0.511623 0.430632 0.834724 0.067920
4 0.512407 0.492326 0.842570 0.053204
10 0.508485 0.544965 0.834724 0.049808
4 0.531236 0.586849 0.773532 0.027168
10 0.508485 0.641186 0.841001 0.063392
4 0.539865 0.690428 0.765687 0.030564
4 0.512407 0.744764 0.836294 0.064524
10 0.510054 0.804195 0.834724 0.054336
10 0.495148 0.846079 0.723323 0.027168
4 0.546926 0.878341 0.779808 0.032828
4 0.518683 0.923055 0.848846 0.045280
