6 0.119062 0.058667 0.040591 0.020272
6 0.537467 0.062046 0.343467 0.020272
6 0.860637 0.065987 0.137387 0.021399
10 0.406325 0.088512 0.577648 0.030409
8 0.254107 0.137504 0.151438 0.027030
8 0.315774 0.185369 0.281018 0.023651
4 0.492972 0.231545 0.626046 0.039418
4 0.550737 0.295178 0.747820 0.058565
4 0.407105 0.354869 0.451190 0.024777
8 0.313433 0.402171 0.282579 0.027030
4 0.485947 0.449473 0.624485 0.033787
4 0.422717 0.500717 0.501149 0.037166
4 0.384468 0.548582 0.424650 0.029282
4 0.396177 0.592506 0.454313 0.029282
8 0.318116 0.643750 0.288824 0.028156
4 0.418814 0.691052 0.380936 0.034914
8 0.450039 0.738354 0.565159 0.028156
4 0.374320 0.787909 0.410599 0.025904
4 0.383687 0.834085 0.426211 0.037166
