6 0.078398 0.054625 0.037145 0.022640
6 0.476161 0.048965 0.337402 0.020376
6 0.813562 0.048399 0.151676 0.019244
10 0.510984 0.084057 0.741355 0.054336
10 0.488542 0.148582 0.776953 0.070184
4 0.529557 0.221596 0.744451 0.071316
4 0.523366 0.281026 0.728973 0.047544
4 0.525687 0.372153 0.739808 0.136973
4 0.518723 0.466676 0.728974 0.049808
4 0.508663 0.509126 0.708853 0.037356
10 0.497828 0.553840 0.801716 0.049808
10 0.363951 0.595725 0.496816 0.029432
4 0.528424 0.633156 0.745998 0.049808
4 0.529198 0.683531 0.750642 0.053204
10 0.512173 0.746923 0.793978 0.071316
8 0.187927 0.806920 0.229062 0.026036
4 0.507530 0.861822 0.790882 0.092825
4 0.528424 0.943327 0.736712 0.070185
