10 0.515421 0.517734 0.806283 0.071184
10 0.514854 0.263987 0.805679 0.143476
10 0.506784 0.707760 0.790123 0.041945
10 0.514585 0.834168 0.805356 0.042071
10 0.514654 0.887682 0.805160 0.042025
10 0.514738 0.368643 0.805823 0.042235
10 0.514308 0.578734 0.805736 0.027667
10 0.514466 0.131934 0.805440 0.041939
7 0.112671 0.051010 0.092163 0.072811
10 0.514650 0.639606 0.805379 0.071246
10 0.515219 0.449565 0.805718 0.042140
8 0.186627 0.173451 0.207931 0.014504
10 0.514460 0.773222 0.805458 0.056768
8 0.125063 0.408890 0.084629 0.012406
8 0.805344 0.051129 0.267829 0.039659
6 0.805344 0.051129 0.267829 0.039659
5 0.499937 0.977967 0.071675 0.045723
