9 0.520827 0.665341 0.795106 0.169255
9 0.520543 0.387681 0.793633 0.077098
9 0.520446 0.269954 0.794036 0.046846
10 0.520793 0.149029 0.793422 0.117417
8 0.164066 0.454846 0.144630 0.011239
10 0.536634 0.859687 0.760355 0.026127
5 0.904612 0.964618 0.022455 0.008573
4 0.504158 0.777781 0.825242 0.026703
9 0.520425 0.509532 0.793631 0.032090
4 0.504238 0.322811 0.825590 0.026566
4 0.504148 0.554829 0.825654 0.026422
10 0.168012 0.805059 0.022431 0.008656
4 0.493488 0.475384 0.803565 0.011509
4 0.344294 0.831796 0.439610 0.011416
8 0.389174 0.228082 0.595376 0.011623
8 0.369253 0.075905 0.555646 0.011844
4 0.369253 0.075905 0.555646 0.011844
4 0.389174 0.228082 0.595376 0.011623
8 0.504148 0.554829 0.825654 0.026422
7 0.350266 0.030580 0.696847 0.022608
6 0.714648 0.053701 0.111708 0.015414
6 0.851623 0.056271 0.132986 0.016442
