6 0.160680 0.059575 0.140879 0.021450
6 0.540577 0.062962 0.191531 0.021450
6 0.925223 0.065785 0.036407 0.018063
10 0.556406 0.114329 0.758211 0.076768
10 0.434522 0.188840 0.533439 0.038384
8 0.551657 0.235127 0.118718 0.033868
8 0.551657 0.283107 0.394143 0.037255
10 0.511293 0.343506 0.819945 0.056447
10 0.556406 0.421968 0.767709 0.053061
10 0.546117 0.485189 0.762960 0.030482
10 0.511293 0.564780 0.838939 0.117411
10 0.510502 0.706463 0.834191 0.082413
10 0.506544 0.819358 0.838939 0.125313
