6 0.148574 0.027660 0.158307 0.018496
6 0.514760 0.030550 0.203081 0.021965
6 0.908929 0.033440 0.044774 0.018496
10 0.506765 0.068120 0.861895 0.041617
10 0.498769 0.120720 0.842706 0.065894
10 0.499569 0.181411 0.837909 0.050865
10 0.444401 0.225340 0.628432 0.027745
9 0.503567 0.347301 0.855499 0.220801
10 0.495434 0.480573 0.836310 0.038149
10 0.435469 0.519878 0.614040 0.015028
10 0.491436 0.557449 0.831513 0.041617
10 0.493036 0.601956 0.841107 0.042773
10 0.497833 0.651665 0.850702 0.049709
10 0.492236 0.702530 0.839508 0.054333
10 0.406686 0.747037 0.556474 0.020808
10 0.491436 0.804260 0.850702 0.079766
10 0.491436 0.893852 0.841107 0.092482
