4 0.393607 0.061217 0.416197 0.021452
4 0.414039 0.078379 0.460087 0.012871
4 0.386797 0.092322 0.405603 0.015016
4 0.432957 0.108411 0.500950 0.015016
4 0.319449 0.122891 0.355660 0.013944
4 0.372419 0.138979 0.458574 0.018234
4 0.369392 0.152923 0.464628 0.018234
4 0.353501 0.169012 0.423765 0.011798
4 0.356528 0.182419 0.423765 0.015016
4 0.401931 0.204407 0.508518 0.026815
3 0.855965 0.306302 0.193721 0.022524
8 0.197616 0.337407 0.099887 0.018234
4 0.512413 0.364222 0.732508 0.022524
4 0.506359 0.388355 0.723427 0.030032
8 0.282369 0.470407 0.290582 0.024669
4 0.267235 0.490250 0.260313 0.019306
4 0.536628 0.514919 0.802126 0.034323
4 0.416309 0.546024 0.564515 0.023597
3 0.244874 0.305862 0.192208 0.020379
