6 0.072342 0.039272 0.037469 0.022640
6 0.467329 0.040404 0.340344 0.024904
6 0.809234 0.044366 0.146754 0.021508
8 0.468890 0.067572 0.805585 0.027168
10 0.478257 0.117947 0.824320 0.073581
10 0.478257 0.184169 0.821197 0.056600
4 0.388488 0.232846 0.557353 0.031696
4 0.472793 0.277560 0.841493 0.044148
10 0.467329 0.339254 0.827442 0.081505
4 0.474354 0.405477 0.832126 0.050940
4 0.493869 0.453587 0.777484 0.036224
4 0.470984 0.497921 0.825881 0.043016
10 0.469422 0.548862 0.822759 0.056600
4 0.304715 0.598104 0.396548 0.030564
4 0.467861 0.639422 0.819636 0.047544
4 0.470203 0.692061 0.818075 0.059996
4 0.461616 0.757151 0.804024 0.074713
