6 0.167959 0.064191 0.153857 0.022498
6 0.528513 0.063066 0.188048 0.022498
6 0.906939 0.065316 0.040407 0.017998
9 0.512972 0.166557 0.850100 0.182233
8 0.512972 0.291420 0.132100 0.022498
8 0.512195 0.312231 0.164736 0.023623
8 0.512972 0.335853 0.408732 0.028122
10 0.517634 0.383661 0.828342 0.049495
10 0.518411 0.451718 0.829896 0.088867
10 0.519188 0.521461 0.831450 0.048370
10 0.519188 0.570956 0.828342 0.050620
10 0.518411 0.621014 0.826788 0.049495
10 0.526182 0.667135 0.845437 0.049495
10 0.522296 0.716068 0.837667 0.055120
10 0.533952 0.761064 0.767732 0.032622
10 0.785719 0.811122 0.310823 0.022498
10 0.836227 0.833619 0.222238 0.022498
5 0.145424 0.947796 0.127437 0.019123
