9 0.520956 0.778180 0.795455 0.123223
10 0.733559 0.592415 0.366307 0.072029
10 0.307638 0.569964 0.366760 0.148034
10 0.307810 0.351352 0.367108 0.117193
10 0.733578 0.147115 0.366691 0.071881
10 0.733315 0.083105 0.366218 0.026789
5 0.905476 0.964663 0.022140 0.008721
8 0.504219 0.691805 0.825260 0.026920
4 0.717285 0.369512 0.400639 0.345285
4 0.291288 0.174172 0.398994 0.208613
8 0.291424 0.453251 0.399038 0.056673
4 0.504415 0.880133 0.825765 0.057463
10 0.504415 0.880133 0.825765 0.057463
10 0.291288 0.174172 0.398994 0.208613
4 0.291424 0.453251 0.399038 0.056673
7 0.349586 0.032763 0.700154 0.021030
6 0.713270 0.054748 0.111332 0.017206
6 0.850579 0.054748 0.133598 0.017206
