6 0.097303 0.070243 0.034190 0.018063
6 0.510697 0.071372 0.360554 0.022579
6 0.829290 0.075888 0.139870 0.022579
10 0.177340 0.096209 0.184939 0.024837
8 0.490493 0.126126 0.062165 0.025966
10 0.494379 0.167897 0.819017 0.044029
10 0.487385 0.215313 0.808139 0.050803
10 0.495933 0.272325 0.819017 0.045158
10 0.503703 0.321999 0.809693 0.045158
10 0.414342 0.366592 0.671377 0.023708
10 0.258154 0.395945 0.355892 0.021450
4 0.496710 0.436587 0.820571 0.046287
4 0.422113 0.474971 0.671377 0.034997
4 0.493602 0.516178 0.817463 0.045158
10 0.495156 0.599720 0.826788 0.108379
4 0.492825 0.700761 0.822126 0.093703
10 0.242613 0.766240 0.331026 0.028224
10 0.428329 0.797286 0.680701 0.024837
4 0.495933 0.837928 0.812801 0.045158
4 0.495156 0.879699 0.808139 0.029353
4 0.493602 0.908487 0.808139 0.028224
4 0.492825 0.939534 0.806584 0.031611
