10 0.233500 0.314657 0.386345 0.087328
4 0.756962 0.521052 0.115057 0.087248
4 0.755474 0.621571 0.112411 0.084423
4 0.753026 0.434221 0.107529 0.056584
4 0.754140 0.340199 0.109119 0.101736
8 0.120256 0.233099 0.157660 0.028429
7 0.827563 0.806680 0.262911 0.244620
7 0.895892 0.522910 0.104990 0.268456
5 0.045118 0.964370 0.008831 0.008214
10 0.580252 0.500777 0.068444 0.042316
6 0.135169 0.031274 0.175697 0.010211
5 0.953652 0.964494 0.009275 0.008456
10 0.580173 0.637329 0.067235 0.022512
10 0.586340 0.664894 0.080362 0.010703
10 0.588759 0.355687 0.085418 0.010302
10 0.787227 0.053699 0.062130 0.010313
8 0.767931 0.270303 0.138693 0.011337
7 0.563925 0.589430 0.032951 0.033346
7 0.064108 0.182212 0.026754 0.041751
7 0.565016 0.410285 0.036145 0.037039
7 0.564627 0.282284 0.038113 0.036730
8 0.610066 0.458082 0.127687 0.025310
6 0.078836 0.045958 0.062748 0.010940
8 0.342817 0.517595 0.192573 0.079322
10 0.078836 0.045958 0.062748 0.010940
7 0.182510 0.683549 0.127913 0.388899
8 0.609444 0.329615 0.126509 0.027796
10 0.610066 0.458082 0.127687 0.025310
10 0.609444 0.329615 0.126509 0.027796
10 0.354631 0.450216 0.168507 0.052021
10 0.286890 0.899772 0.066068 0.008926
7 0.250454 0.648156 0.406410 0.545718
7 0.520345 0.029558 0.524035 0.023820
