6 0.147686 0.047128 0.142978 0.023786
6 0.502801 0.045995 0.191156 0.021521
6 0.879673 0.043730 0.024866 0.016990
4 0.324078 0.073746 0.399407 0.027185
4 0.199245 0.111136 0.149195 0.028317
4 0.478208 0.141152 0.704013 0.027185
4 0.496857 0.195521 0.819017 0.070227
4 0.284721 0.254421 0.317039 0.024919
4 0.494526 0.294631 0.842329 0.050971
4 0.492195 0.348434 0.834558 0.058900
4 0.489864 0.405069 0.826788 0.054369
4 0.495303 0.471331 0.834558 0.073625
10 0.495303 0.557415 0.837667 0.094013
4 0.491418 0.632173 0.833004 0.053236
4 0.499188 0.689940 0.845437 0.055502
10 0.496080 0.764131 0.833004 0.095146
10 0.493749 0.837190 0.834558 0.048706
10 0.496080 0.898355 0.842329 0.073625
4 0.526591 0.955076 0.781719 0.035113
