10 0.710441 0.407811 0.402983 0.134207
10 0.710691 0.135565 0.403247 0.088971
10 0.710940 0.237085 0.403875 0.089526
10 0.285147 0.510993 0.404522 0.119866
10 0.710175 0.547144 0.402678 0.118895
10 0.284928 0.666758 0.404565 0.073359
8 0.283044 0.607330 0.399843 0.030623
4 0.284460 0.324836 0.404506 0.164967
8 0.708700 0.318478 0.399832 0.031604
4 0.284578 0.208025 0.403191 0.043097
8 0.614648 0.075887 0.212129 0.015782
8 0.208044 0.436287 0.250203 0.016299
8 0.243186 0.171611 0.320017 0.015519
4 0.283846 0.105849 0.403085 0.073791
5 0.094352 0.965151 0.022767 0.012056
8 0.776114 0.638053 0.263746 0.013301
7 0.827643 0.031700 0.344281 0.016367
10 0.813072 0.683725 0.203573 0.061950
10 0.568372 0.702061 0.119199 0.027303
6 0.271302 0.038550 0.351042 0.027171
