6 0.098184 0.046327 0.029663 0.023623
6 0.494732 0.043515 0.345028 0.024748
6 0.834296 0.041265 0.143632 0.024748
8 0.483803 0.068263 0.070255 0.020248
8 0.488487 0.087386 0.226376 0.017998
10 0.492390 0.111009 0.843054 0.024748
10 0.493171 0.134632 0.707229 0.022498
10 0.489268 0.156567 0.446507 0.021373
8 0.492390 0.186377 0.443384 0.017998
10 0.236351 0.214499 0.318487 0.015749
10 0.493171 0.240372 0.825881 0.038246
4 0.229326 0.276931 0.179539 0.025873
4 0.220739 0.303366 0.159244 0.017998
4 0.226203 0.323052 0.163927 0.021373
4 0.240254 0.348924 0.195152 0.023623
4 0.290994 0.370860 0.299753 0.017998
4 0.305045 0.389420 0.321610 0.025873
4 0.336269 0.414730 0.380936 0.024748
4 0.460385 0.436666 0.632291 0.021373
9 0.487706 0.472100 0.802463 0.049495
4 0.439309 0.511471 0.583893 0.024748
4 0.493171 0.532282 0.697862 0.021373
10 0.509563 0.566029 0.864911 0.041621
10 0.361248 0.598651 0.568281 0.023623
10 0.386228 0.624523 0.618240 0.023623
10 0.495513 0.665582 0.836810 0.067494
10 0.498635 0.726889 0.843054 0.050620
10 0.498635 0.826442 0.852422 0.152986
10 0.118480 0.922058 0.064010 0.020248
10 0.116919 0.945681 0.054642 0.026997
10 0.819464 0.917558 0.145193 0.022498
