9 0.519392 0.324639 0.791526 0.123589
10 0.537040 0.804404 0.760666 0.087410
9 0.520389 0.485858 0.794025 0.077498
9 0.519389 0.147590 0.792250 0.153668
10 0.536792 0.697031 0.760260 0.056669
9 0.536732 0.608852 0.761476 0.046414
8 0.145410 0.408497 0.107214 0.011556
8 0.206020 0.546280 0.228580 0.011461
5 0.904646 0.964667 0.022516 0.008783
8 0.381004 0.244819 0.579363 0.011404
8 0.237651 0.745888 0.226352 0.011186
8 0.422747 0.653861 0.596948 0.011222
8 0.392977 0.428915 0.602110 0.011259
8 0.207875 0.565962 0.166665 0.009720
7 0.350390 0.032878 0.699419 0.016919
6 0.714004 0.053963 0.111378 0.016712
6 0.851875 0.054381 0.134086 0.015876
