6 0.099152 0.076197 0.042153 0.015858
6 0.522240 0.070533 0.348150 0.015858
6 0.845411 0.067135 0.138948 0.015858
10 0.528485 0.123203 0.763433 0.073625
10 0.526924 0.225712 0.763433 0.083819
10 0.540975 0.308965 0.779045 0.048706
10 0.531607 0.383722 0.760310 0.053236
10 0.497261 0.457347 0.822759 0.057767
10 0.341920 0.518512 0.377813 0.023786
4 0.567515 0.579678 0.697862 0.050971
4 0.576882 0.654435 0.716596 0.050971
4 0.572979 0.726361 0.705668 0.056635
10 0.540194 0.806216 0.755627 0.057767
