10 0.499551 0.711756 0.835645 0.253512
10 0.499849 0.881984 0.836188 0.061727
10 0.499607 0.515926 0.835650 0.061773
9 0.499269 0.200128 0.836752 0.110183
10 0.499559 0.426140 0.835209 0.043114
9 0.498919 0.355398 0.838186 0.079974
7 0.112777 0.050997 0.092082 0.072581
8 0.199618 0.564833 0.234124 0.011101
8 0.160951 0.465858 0.158054 0.011428
8 0.420965 0.114463 0.676240 0.013631
8 0.420093 0.281571 0.675254 0.014081
10 0.849950 0.136218 0.132107 0.012841
10 0.850497 0.306170 0.131892 0.013500
6 0.805230 0.051059 0.267765 0.039456
5 0.500549 0.966130 0.043952 0.020165
