9 0.498899 0.261872 0.836460 0.255629
9 0.498956 0.529349 0.834387 0.194959
9 0.499667 0.817150 0.834662 0.154383
7 0.890501 0.050787 0.091493 0.071574
8 0.193841 0.703812 0.222544 0.011621
1 0.350381 0.671857 0.534475 0.013411
8 0.245327 0.416414 0.325071 0.011808
1 0.497243 0.644962 0.829231 0.012756
1 0.408155 0.659047 0.650224 0.012334
10 0.841115 0.119719 0.150375 0.014312
10 0.841105 0.417209 0.150463 0.014103
6 0.185499 0.051132 0.252165 0.037278
10 0.841058 0.730871 0.150577 0.013803
8 0.184398 0.731336 0.201822 0.014135
8 0.242773 0.119724 0.320054 0.013936
0 0.242773 0.119724 0.320054 0.013936
0 0.184398 0.731336 0.201822 0.014135
5 0.500294 0.970790 0.027602 0.008825
