9 0.500085 0.560914 0.834967 0.444991
9 0.499421 0.251439 0.834132 0.120299
7 0.890457 0.050755 0.091740 0.071490
8 0.154426 0.330142 0.131766 0.011535
8 0.192310 0.184149 0.199286 0.011318
10 0.582317 0.850269 0.258081 0.020834
6 0.185484 0.051208 0.252372 0.037352
8 0.529096 0.121150 0.519308 0.023157
10 0.521940 0.904042 0.108302 0.055189
10 0.649541 0.906696 0.100328 0.047760
10 0.142415 0.908288 0.114683 0.061557
10 0.124063 0.867277 0.078857 0.008556
10 0.411666 0.808954 0.648107 0.011796
10 0.817824 0.902981 0.197782 0.042453
10 0.189583 0.845116 0.211064 0.019326
10 0.202308 0.826891 0.230950 0.011322
10 0.569770 0.789873 0.060290 0.008884
5 0.499813 0.978036 0.071682 0.046039
10 0.181539 0.791168 0.185546 0.011609
10 0.854441 0.182978 0.102791 0.010043
8 0.854441 0.182978 0.102791 0.010043
10 0.500278 0.140542 0.631318 0.014566
