10 0.514399 0.261528 0.805962 0.088668
10 0.514307 0.669646 0.806091 0.073879
10 0.514354 0.550718 0.805925 0.088928
10 0.514393 0.157010 0.805156 0.043802
10 0.514311 0.766124 0.805270 0.043574
10 0.514345 0.365471 0.805161 0.043809
10 0.513897 0.446612 0.806557 0.043787
7 0.890359 0.050741 0.091384 0.071699
8 0.232563 0.725913 0.240205 0.014961
8 0.252044 0.325130 0.279214 0.014687
10 0.514054 0.904414 0.805247 0.027101
8 0.367182 0.487871 0.510533 0.014417
10 0.514748 0.841013 0.805292 0.027319
8 0.195570 0.115363 0.165520 0.012101
8 0.154832 0.197187 0.084459 0.011789
8 0.315231 0.613192 0.406218 0.012209
10 0.513948 0.872868 0.804664 0.013128
8 0.286425 0.406151 0.348204 0.014505
8 0.138739 0.808856 0.111483 0.014668
5 0.499841 0.977944 0.071844 0.045399
6 0.185340 0.051143 0.252330 0.037401
