6 0.091267 0.058767 0.041576 0.019244
6 0.492632 0.054805 0.358190 0.022640
6 0.843627 0.054239 0.142317 0.023772
4 0.496630 0.104048 0.839508 0.075845
4 0.166423 0.162346 0.063963 0.022640
4 0.497430 0.197438 0.847504 0.043016
4 0.394290 0.236493 0.516498 0.028300
4 0.503026 0.278943 0.842706 0.045280
4 0.503826 0.329317 0.844306 0.048676
4 0.505425 0.389314 0.844306 0.073581
4 0.507024 0.452140 0.847504 0.049808
4 0.507823 0.500817 0.845905 0.056600
4 0.505425 0.552889 0.844306 0.056600
10 0.511821 0.628733 0.857098 0.095089
4 0.509423 0.712502 0.849103 0.067920
4 0.510222 0.773630 0.847504 0.049808
4 0.511022 0.824571 0.855499 0.054336
10 0.527812 0.878907 0.882683 0.049808
4 0.434267 0.921357 0.561271 0.028300
4 0.422274 0.950224 0.537285 0.031696
