10 0.499618 0.595675 0.835849 0.062196
7 0.890711 0.050818 0.091490 0.071726
8 0.153419 0.543983 0.141710 0.011035
9 0.499718 0.724812 0.836986 0.114794
9 0.499313 0.460743 0.836258 0.107259
8 0.142988 0.644084 0.120526 0.010978
9 0.499899 0.840101 0.837182 0.067140
9 0.500344 0.185169 0.837228 0.129783
9 0.500028 0.328184 0.838001 0.108843
10 0.847579 0.659735 0.138633 0.012754
10 0.850621 0.797832 0.132006 0.013195
10 0.850357 0.397583 0.132031 0.012608
6 0.185597 0.051086 0.251941 0.037262
10 0.849713 0.111012 0.131525 0.012155
10 0.850467 0.264615 0.131735 0.013305
8 0.849713 0.111012 0.131525 0.012155
5 0.499863 0.965069 0.039831 0.022288
