6 0.160445 0.023675 0.141594 0.022874
6 0.527953 0.026534 0.186140 0.017156
6 0.909779 0.028250 0.033410 0.016012
4 0.139763 0.052840 0.097048 0.019443
4 0.204196 0.084864 0.143185 0.021731
4 0.291698 0.113457 0.407281 0.019443
4 0.506475 0.148340 0.833654 0.052611
4 0.264652 0.197520 0.350007 0.036599
4 0.206582 0.229544 0.157503 0.025162
4 0.294880 0.259853 0.420009 0.026305
4 0.293289 0.290161 0.416827 0.029737
4 0.323517 0.321042 0.477283 0.032024
4 0.267834 0.351922 0.365917 0.032024
4 0.199423 0.385662 0.229096 0.030880
4 0.246356 0.414255 0.322961 0.026306
4 0.279766 0.445135 0.386599 0.035455
4 0.313971 0.478875 0.372281 0.032024
4 0.291698 0.510327 0.324552 0.024018
4 0.150104 0.542351 0.120912 0.024018
4 0.299653 0.572087 0.334098 0.026305
4 0.335449 0.601824 0.405690 0.030880
10 0.307607 0.637279 0.343644 0.024018
4 0.184309 0.667588 0.208414 0.027449
4 0.395109 0.699040 0.531375 0.026305
4 0.178741 0.729349 0.085911 0.022874
4 0.208969 0.758513 0.146367 0.033168
4 0.186696 0.795684 0.101820 0.027449
4 0.204991 0.821990 0.135230 0.025162
4 0.181127 0.849439 0.084320 0.029737
4 0.224878 0.887182 0.280006 0.022874
4 0.298062 0.918634 0.311825 0.035455
