6 0.088394 0.038566 0.032342 0.013446
6 0.475731 0.040247 0.335743 0.025772
6 0.808394 0.041928 0.141690 0.026893
10 0.096095 0.064899 0.047743 0.023531
10 0.233934 0.065459 0.095487 0.022411
10 0.423367 0.068261 0.092406 0.023531
10 0.667474 0.069381 0.137069 0.023531
8 0.472651 0.095154 0.267978 0.025772
9 0.472651 0.162946 0.816256 0.112054
10 0.474191 0.276680 0.803935 0.113174
8 0.494982 0.342792 0.050823 0.023531
10 0.468031 0.399939 0.819336 0.088522
10 0.463410 0.477817 0.813176 0.069473
10 0.464180 0.538886 0.820876 0.054906
10 0.462640 0.591551 0.817796 0.045942
10 0.461870 0.661585 0.822417 0.094125
10 0.461870 0.732178 0.819336 0.049304
10 0.462640 0.784844 0.817796 0.053786
10 0.463410 0.845352 0.819336 0.069473
10 0.484202 0.896337 0.765433 0.034737
