6 0.109317 0.052314 0.035597 0.022579
6 0.524796 0.052965 0.337402 0.029353
6 0.838982 0.058610 0.151676 0.029353
10 0.495390 0.091914 0.807907 0.048545
10 0.489973 0.178843 0.815645 0.077897
10 0.493842 0.273110 0.811002 0.079026
4 0.349131 0.353830 0.515389 0.037255
4 0.443541 0.401810 0.465862 0.036126
4 0.479139 0.450920 0.527771 0.030482
4 0.400205 0.496078 0.366808 0.034997
10 0.489199 0.570024 0.807907 0.074511
10 0.493068 0.695337 0.815646 0.137732
10 0.492294 0.803151 0.811002 0.062092
