10 0.514825 0.667263 0.805985 0.216036
10 0.514498 0.180289 0.805196 0.085838
10 0.514571 0.491614 0.804943 0.055953
10 0.515356 0.889217 0.806777 0.042018
10 0.515159 0.336571 0.806387 0.041889
10 0.514733 0.282918 0.804958 0.041820
10 0.514755 0.808201 0.805840 0.041680
10 0.514362 0.410622 0.805591 0.027693
7 0.890468 0.050783 0.091571 0.071876
8 0.203040 0.849643 0.180705 0.014609
8 0.168559 0.118717 0.169318 0.014681
8 0.210511 0.539229 0.254606 0.012571
8 0.213156 0.243183 0.259541 0.014845
8 0.255910 0.444623 0.345217 0.014923
8 0.178518 0.376954 0.189916 0.012637
5 0.499943 0.977859 0.071891 0.045288
6 0.185522 0.051104 0.252494 0.037456
8 0.185522 0.051104 0.252494 0.037456
