6 0.184403 0.046004 0.137069 0.017998
6 0.537087 0.042629 0.180192 0.013499
6 0.911333 0.040379 0.038503 0.020248
8 0.513985 0.068502 0.109348 0.017998
8 0.513215 0.086500 0.061604 0.015749
8 0.510135 0.103373 0.181732 0.020248
10 0.510135 0.148369 0.819336 0.042746
8 0.151290 0.192240 0.083166 0.022498
8 0.177472 0.213051 0.132449 0.021373
9 0.510135 0.334539 0.816256 0.214855
8 0.519376 0.459965 0.058524 0.013499
8 0.523996 0.475151 0.187893 0.016873
8 0.521686 0.494274 0.183273 0.012374
10 0.516296 0.564018 0.825497 0.097866
10 0.801215 0.632074 0.255658 0.015749
10 0.174392 0.656259 0.110888 0.030372
10 0.525536 0.686069 0.070845 0.015749
9 0.537087 0.845242 0.851678 0.271100
