4 0.500317 0.804732 0.834099 0.085662
10 0.500237 0.217177 0.836072 0.143537
4 0.500335 0.682923 0.834063 0.056407
4 0.500395 0.606270 0.833895 0.068956
10 0.499786 0.477483 0.835299 0.084347
4 0.500139 0.879922 0.833744 0.041807
10 0.499861 0.327862 0.835602 0.054833
4 0.500175 0.736507 0.833657 0.027673
10 0.500019 0.382468 0.835307 0.027937
10 0.499320 0.545170 0.834822 0.024934
7 0.112563 0.050986 0.092233 0.072808
8 0.420814 0.416853 0.677190 0.014736
8 0.384609 0.126850 0.603488 0.015133
6 0.805330 0.051122 0.267792 0.039626
8 0.805330 0.051122 0.267792 0.039626
5 0.500012 0.978104 0.071896 0.045178
