8 0.505615 0.128104 0.083166 0.026813
6 0.097487 0.052692 0.027722 0.018993
6 0.515626 0.053251 0.328043 0.022344
6 0.835968 0.055485 0.137069 0.020110
8 0.504845 0.081181 0.223315 0.022344
8 0.508695 0.172233 0.218695 0.030165
10 0.485594 0.236473 0.810096 0.053626
10 0.156011 0.290099 0.138610 0.024579
10 0.212225 0.353779 0.235636 0.022344
9 0.467113 0.442039 0.825497 0.145237
10 0.250728 0.542029 0.368085 0.048040
10 0.215305 0.601240 0.161711 0.023461
10 0.179883 0.630288 0.084706 0.023461
10 0.185273 0.681121 0.104727 0.024579
10 0.179113 0.706816 0.080085 0.022344
10 0.187583 0.754856 0.109348 0.029047
10 0.180653 0.783345 0.080086 0.023461
5 0.691968 0.823564 0.375786 0.032399
