6 0.147035 0.037504 0.152303 0.020321
6 0.504480 0.034681 0.189602 0.016934
6 0.875913 0.032423 0.034190 0.016934
10 0.401909 0.061212 0.528398 0.020321
10 0.478838 0.088871 0.685364 0.032740
10 0.248052 0.122739 0.208251 0.028224
10 0.240281 0.156043 0.195818 0.027095
10 0.406571 0.182574 0.537723 0.028224
4 0.441539 0.215878 0.585900 0.020321
4 0.529346 0.253133 0.764623 0.054190
10 0.725164 0.296033 0.142978 0.029353
10 0.117506 0.301678 0.059056 0.022579
10 0.118284 0.330466 0.073043 0.030482
10 0.522353 0.419653 0.756853 0.091445
10 0.119061 0.485696 0.062165 0.015805
10 0.122946 0.514484 0.054394 0.028224
10 0.666108 0.542708 0.071489 0.025966
10 0.694082 0.570932 0.124329 0.030482
10 0.672325 0.600849 0.090139 0.024837
10 0.663777 0.633588 0.069935 0.022579
10 0.681649 0.665199 0.105680 0.033868
