10 0.536637 0.920575 0.760228 0.025935
10 0.536779 0.877053 0.760197 0.040926
7 0.520441 0.485202 0.794721 0.184688
7 0.520639 0.693830 0.795376 0.155398
4 0.521000 0.834093 0.792362 0.026737
5 0.905675 0.964887 0.021365 0.008607
10 0.420760 0.786057 0.593289 0.008654
8 0.243173 0.805935 0.302217 0.011329
4 0.430841 0.075692 0.678992 0.011748
7 0.519452 0.223193 0.792293 0.260560
9 0.519452 0.223193 0.792293 0.260560
4 0.384036 0.598897 0.584537 0.011760
8 0.279293 0.374833 0.374793 0.011449
4 0.279293 0.374833 0.374793 0.011449
8 0.384036 0.598897 0.584537 0.011760
7 0.348728 0.030859 0.700083 0.019832
6 0.712315 0.055099 0.118344 0.017629
6 0.852759 0.051793 0.136880 0.017629
