6 0.182526 0.057439 0.138316 0.019123
6 0.546966 0.052377 0.177169 0.024748
6 0.923061 0.051815 0.034190 0.019123
8 0.522877 0.082187 0.153857 0.032622
8 0.517437 0.132807 0.382312 0.034872
8 0.521323 0.185115 0.085476 0.031497
8 0.526282 0.237720 0.093247 0.022498
10 0.523174 0.309151 0.820571 0.082117
10 0.524728 0.412079 0.808139 0.080992
10 0.524728 0.494196 0.820571 0.051745
10 0.526282 0.567877 0.820571 0.055120
8 0.523174 0.628621 0.087030 0.030372
8 0.523951 0.680929 0.237779 0.031497
10 0.521620 0.765296 0.811247 0.107990
