6 0.099310 0.054134 0.025455 0.021508
6 0.497842 0.055266 0.357962 0.016980
6 0.849440 0.057530 0.144776 0.021508
10 0.453295 0.081303 0.742970 0.023772
4 0.527274 0.112433 0.789108 0.031696
4 0.501819 0.154317 0.846382 0.040752
10 0.505796 0.202993 0.857518 0.049808
4 0.520115 0.244312 0.771607 0.030564
4 0.509774 0.290158 0.859109 0.045280
10 0.509774 0.346192 0.836836 0.071316
10 0.509774 0.408453 0.836836 0.053204
10 0.511365 0.471279 0.833654 0.074713
4 0.512160 0.532974 0.835245 0.057732
4 0.508978 0.586178 0.838427 0.053204
4 0.486705 0.628628 0.797062 0.033960
4 0.501024 0.660325 0.828881 0.024904
4 0.508183 0.698247 0.840018 0.050940
10 0.508978 0.761639 0.844791 0.071316
10 0.510569 0.842012 0.847973 0.093957
4 0.517728 0.918422 0.862291 0.061128
