6 0.538694 0.043097 0.184223 0.016808
6 0.181957 0.047019 0.145193 0.017929
6 0.916507 0.039175 0.018735 0.013446
4 0.516056 0.100244 0.813391 0.088522
10 0.519179 0.168597 0.819636 0.045942
10 0.534010 0.227425 0.849299 0.071714
4 0.523082 0.292977 0.830565 0.054906
4 0.529326 0.335557 0.724402 0.028013
4 0.455949 0.364691 0.577648 0.028013
4 0.529326 0.427441 0.849299 0.088522
10 0.517617 0.495794 0.825881 0.048183
10 0.519179 0.543977 0.832126 0.050424
4 0.517617 0.605046 0.835248 0.073955
10 0.518398 0.687405 0.839932 0.093004
10 0.519959 0.779289 0.843054 0.093005
10 0.523082 0.859968 0.849299 0.072835
4 0.555867 0.913193 0.764994 0.031375
5 0.170248 0.938966 0.134264 0.020170
