10 0.514402 0.620523 0.804929 0.056236
10 0.514481 0.320360 0.805609 0.085059
10 0.514463 0.853988 0.805460 0.041442
7 0.890312 0.050771 0.091255 0.071802
4 0.514725 0.474353 0.805432 0.042148
4 0.514570 0.527774 0.805759 0.041714
8 0.265838 0.814134 0.364695 0.014827
4 0.514346 0.427892 0.805486 0.027514
8 0.209912 0.119761 0.250821 0.014916
8 0.184976 0.254684 0.204968 0.014621
8 0.219967 0.569131 0.276677 0.014792
4 0.514219 0.388650 0.805428 0.026921
10 0.511923 0.771737 0.800926 0.039595
8 0.218321 0.733228 0.272758 0.014671
4 0.514516 0.220184 0.805108 0.027118
4 0.376486 0.706013 0.528428 0.012501
10 0.514513 0.674131 0.805165 0.027553
10 0.514358 0.166498 0.805189 0.056457
5 0.499901 0.978150 0.072213 0.045313
4 0.514358 0.166498 0.805189 0.056457
6 0.185408 0.051140 0.252390 0.037427
4 0.514513 0.674131 0.805165 0.027553
8 0.185408 0.051140 0.252390 0.037427
