6 0.101921 0.033932 0.037830 0.026654
6 0.500717 0.028717 0.359389 0.025495
6 0.841979 0.026979 0.156051 0.031290
8 0.436878 0.057109 0.610016 0.026654
10 0.504658 0.121427 0.840151 0.095028
10 0.503870 0.199651 0.835422 0.052149
10 0.503664 0.253918 0.836998 0.055626
10 0.412240 0.303171 0.553270 0.031290
10 0.506816 0.349526 0.830693 0.047514
10 0.366528 0.396460 0.461846 0.025495
10 0.365740 0.430647 0.457118 0.026654
10 0.510757 0.486273 0.848032 0.068374
10 0.511545 0.559862 0.846456 0.074168
10 0.468986 0.618965 0.660456 0.030131
10 0.512333 0.675750 0.844879 0.069533
10 0.519426 0.741226 0.855913 0.056785
10 0.510757 0.799170 0.841727 0.052149
10 0.509969 0.863488 0.836998 0.074168
10 0.509969 0.931862 0.836998 0.053308
