6 0.099971 0.047779 0.037830 0.018063
6 0.501919 0.043828 0.343626 0.019192
6 0.844757 0.040441 0.137135 0.019192
10 0.501131 0.111000 0.830693 0.110637
4 0.505071 0.201880 0.838574 0.075640
4 0.501131 0.267924 0.836998 0.054190
10 0.499439 0.318025 0.836998 0.047416
4 0.499439 0.368828 0.840151 0.056447
4 0.497863 0.419066 0.836998 0.050803
10 0.497863 0.479465 0.836998 0.069995
10 0.497863 0.562442 0.840151 0.093703
8 0.505744 0.629050 0.200186 0.023708
8 0.504956 0.655581 0.141864 0.024837
10 0.510473 0.739123 0.840151 0.076768
4 0.277973 0.792748 0.368847 0.032740
4 0.303194 0.822665 0.419287 0.029353
10 0.515990 0.852018 0.258508 0.029353
4 0.306346 0.885322 0.438202 0.019192
