6 0.129404 0.046051 0.034050 0.024579
6 0.533358 0.042700 0.371451 0.029047
6 0.847544 0.046051 0.154771 0.029047
8 0.487700 0.075657 0.128460 0.027930
8 0.503177 0.109732 0.255373 0.024579
8 0.363109 0.139897 0.547891 0.026813
8 0.224589 0.170620 0.267755 0.027930
10 0.533358 0.222011 0.773857 0.068150
10 0.526393 0.281782 0.756832 0.042454
10 0.527167 0.332056 0.755285 0.046923
10 0.493092 0.381327 0.834218 0.051391
4 0.225338 0.424899 0.165605 0.026813
10 0.258614 0.457297 0.154771 0.022344
10 0.494640 0.458973 0.165605 0.023461
10 0.254744 0.479083 0.150128 0.023461
10 0.494640 0.477966 0.165605 0.023461
10 0.277960 0.496958 0.196560 0.018993
10 0.307367 0.517627 0.258468 0.022344
10 0.548810 0.518744 0.078933 0.024579
4 0.168846 0.559522 0.170249 0.036868
4 0.493866 0.618734 0.811002 0.068150
4 0.517082 0.691352 0.770762 0.048040
4 0.495414 0.757826 0.814098 0.082673
