10 0.514914 0.205776 0.806257 0.187301
10 0.514693 0.591278 0.805490 0.085851
10 0.515010 0.790139 0.805753 0.071312
10 0.514802 0.400008 0.805886 0.071340
10 0.514773 0.331978 0.805542 0.042166
10 0.514900 0.488599 0.805524 0.027712
10 0.515575 0.694205 0.806270 0.027931
7 0.112731 0.051006 0.092145 0.072935
10 0.370486 0.878316 0.515968 0.013221
8 0.145414 0.456073 0.066297 0.015345
8 0.174967 0.856744 0.183033 0.015356
8 0.172196 0.660809 0.177705 0.013403
8 0.222940 0.735090 0.279227 0.014022
8 0.236311 0.528818 0.305455 0.013288
5 0.499987 0.977799 0.072063 0.045391
6 0.805379 0.051039 0.267750 0.039640
8 0.805379 0.051039 0.267750 0.039640
