6 0.110890 0.070331 0.141235 0.016894
10 0.482227 0.070894 0.185669 0.020272
6 0.868641 0.070331 0.038086 0.014641
10 0.458424 0.109186 0.823608 0.054060
10 0.463978 0.181829 0.822021 0.055186
10 0.465565 0.283190 0.825195 0.104741
10 0.478260 0.420592 0.850586 0.125013
8 0.467152 0.519138 0.339600 0.029282
8 0.478871 0.568292 0.157104 0.034914
10 0.470936 0.655576 0.845825 0.103614
10 0.221791 0.740607 0.338013 0.030409
10 0.278920 0.814376 0.458618 0.027030
10 0.613758 0.845911 0.369751 0.024777
