6 0.162199 0.044900 0.150128 0.029432
6 0.531329 0.046032 0.188821 0.022640
6 0.902780 0.044900 0.037145 0.022640
8 0.508887 0.077729 0.097506 0.031696
8 0.512756 0.120179 0.210489 0.030564
8 0.510435 0.170553 0.391572 0.027168
10 0.500375 0.299036 0.789334 0.186781
10 0.734853 0.419595 0.323472 0.033960
10 0.161425 0.473365 0.095958 0.028300
8 0.494958 0.516382 0.147033 0.030564
9 0.506565 0.619960 0.780048 0.147161
10 0.128923 0.715049 0.037145 0.020376
4 0.317744 0.757499 0.402406 0.030564
4 0.319292 0.793158 0.405501 0.024904
4 0.352568 0.838438 0.472053 0.036224
