10 0.215520 0.307160 0.349304 0.071960
7 0.241423 0.646436 0.426427 0.532142
10 0.610027 0.379279 0.129683 0.131863
10 0.608296 0.230213 0.124842 0.102325
8 0.127941 0.230668 0.173931 0.023273
6 0.135309 0.031427 0.174763 0.009985
7 0.062333 0.182147 0.042846 0.042453
10 0.752081 0.426672 0.082232 0.027180
5 0.953995 0.965010 0.008688 0.009348
5 0.045158 0.965192 0.008772 0.009559
7 0.729640 0.343825 0.037236 0.035881
10 0.885744 0.275069 0.090461 0.027301
10 0.787333 0.053819 0.061706 0.010168
10 0.868524 0.426808 0.055987 0.026204
7 0.858320 0.193152 0.036740 0.037032
10 0.882496 0.571124 0.083891 0.027551
7 0.857449 0.344826 0.033915 0.037543
10 0.078977 0.046083 0.062410 0.010583
7 0.858636 0.488977 0.036835 0.037753
8 0.742615 0.240038 0.068757 0.034156
10 0.751210 0.270399 0.084310 0.024035
8 0.865806 0.238773 0.049931 0.029095
8 0.759396 0.391208 0.095769 0.032891
8 0.856393 0.393106 0.037653 0.031626
7 0.729928 0.194498 0.043383 0.051866
8 0.866215 0.535421 0.050750 0.032891
7 0.671058 0.744225 0.335462 0.509873
7 0.519161 0.031141 0.525469 0.020190
