9 0.499293 0.624097 0.834466 0.339935
7 0.890194 0.050559 0.090764 0.071500
9 0.499765 0.880562 0.834687 0.078440
8 0.169536 0.111394 0.173515 0.011351
8 0.290921 0.822425 0.416544 0.012125
6 0.185470 0.051128 0.252197 0.037413
5 0.499870 0.977806 0.071796 0.045225
8 0.354548 0.231278 0.543967 0.014708
9 0.499958 0.275035 0.836801 0.056914
9 0.500235 0.330252 0.837493 0.170118
10 0.838539 0.231144 0.150416 0.014480
9 0.497755 0.179451 0.832427 0.058333
8 0.190890 0.445598 0.216620 0.013310
8 0.839914 0.445865 0.151461 0.013867
8 0.351526 0.139671 0.545273 0.019104
10 0.830186 0.140202 0.148336 0.020165
