6 0.175189 0.051260 0.147489 0.024919
6 0.543911 0.052392 0.191422 0.022654
6 0.921263 0.054658 0.032950 0.015858
4 0.534497 0.087506 0.784515 0.047573
4 0.514099 0.135079 0.844139 0.049838
8 0.262270 0.182652 0.249476 0.024919
4 0.404267 0.210403 0.527194 0.026052
4 0.512530 0.254011 0.841001 0.056635
8 0.245795 0.291956 0.194560 0.026052
4 0.314048 0.322539 0.434622 0.030583
4 0.519591 0.373510 0.842570 0.071359
4 0.397206 0.427313 0.506797 0.029450
4 0.535281 0.466391 0.779808 0.046440
10 0.537635 0.557006 0.787654 0.139321
4 0.373671 0.652152 0.569558 0.032848
4 0.372886 0.679903 0.574265 0.027185
4 0.346213 0.710485 0.520918 0.036246
4 0.510961 0.755793 0.853553 0.056635
4 0.510177 0.819790 0.855122 0.069094
0 0.271684 0.878123 0.265166 0.024919
8 0.252071 0.907007 0.219664 0.030583
4 0.533712 0.951748 0.782946 0.058900
