6 0.528746 0.075391 0.191888 0.022579
6 0.918918 0.075391 0.031981 0.022579
6 0.161761 0.071440 0.158307 0.028224
10 0.180151 0.099664 0.172699 0.019192
10 0.511157 0.157804 0.844306 0.067737
10 0.508758 0.221026 0.833112 0.049674
10 0.509558 0.291585 0.831513 0.082413
10 0.479175 0.353677 0.693994 0.030482
10 0.505560 0.422543 0.839508 0.089187
10 0.507959 0.500440 0.834711 0.050803
10 0.506359 0.559710 0.834711 0.058705
10 0.506359 0.615593 0.837909 0.050803
10 0.527147 0.667525 0.796334 0.025966
10 0.503161 0.710425 0.837909 0.048545
10 0.500763 0.766872 0.836310 0.059834
10 0.222526 0.822191 0.196685 0.021450
10 0.494366 0.862268 0.836310 0.040642
10 0.495166 0.910813 0.837909 0.049674
10 0.499164 0.962180 0.839508 0.048545
