6 0.108590 0.033683 0.024979 0.017208
6 0.507480 0.034830 0.338783 0.021797
6 0.848604 0.035404 0.137387 0.027533
8 0.508260 0.059495 0.078061 0.018355
8 0.506699 0.080718 0.334099 0.026386
10 0.503577 0.107104 0.783728 0.030975
10 0.500454 0.144962 0.836810 0.049330
10 0.790840 0.190277 0.265406 0.022944
10 0.225681 0.226987 0.152999 0.020650
10 0.245977 0.252226 0.184223 0.022944
10 0.373215 0.279759 0.563598 0.022944
10 0.182459 0.203595 0.192029 0.024091
10 0.171530 0.301681 0.048398 0.022944
10 0.176214 0.325199 0.048398 0.019503
10 0.171530 0.351585 0.039030 0.012619
10 0.171530 0.372808 0.051520 0.020650
10 0.220708 0.394032 0.149876 0.019503
10 0.414299 0.423859 0.649464 0.021797
10 0.222270 0.445656 0.159244 0.017208
10 0.212902 0.472615 0.084305 0.018355
10 0.217586 0.489823 0.093673 0.025239
10 0.211341 0.516783 0.081183 0.024091
10 0.235540 0.543742 0.170172 0.018355
10 0.215244 0.567834 0.079622 0.020650
10 0.212902 0.591925 0.096795 0.020650
10 0.213683 0.616016 0.088989 0.022944
10 0.232418 0.640108 0.163927 0.022944
10 0.210561 0.665346 0.095234 0.018355
10 0.214464 0.689438 0.099918 0.025239
10 0.187923 0.714676 0.074938 0.018355
10 0.319065 0.738767 0.349711 0.022944
10 0.320626 0.765153 0.471486 0.025239
10 0.219147 0.787524 0.146754 0.019503
10 0.213683 0.811041 0.088989 0.022944
10 0.220708 0.835133 0.090550 0.025239
10 0.208219 0.858651 0.062448 0.024091
10 0.219928 0.886184 0.160805 0.024091
10 0.213683 0.909128 0.076499 0.021797
10 0.220708 0.933793 0.087428 0.025239
5 0.844413 0.963620 0.138948 0.018355
