10 0.499345 0.422965 0.835388 0.042160
9 0.499338 0.247825 0.835315 0.099657
7 0.112636 0.051055 0.092193 0.072441
4 0.249373 0.855693 0.287772 0.013263
4 0.243690 0.880628 0.275498 0.013064
4 0.201751 0.772936 0.191747 0.013697
4 0.222321 0.831379 0.231419 0.012945
4 0.173456 0.748143 0.135076 0.013799
4 0.203321 0.597552 0.193198 0.013789
4 0.182465 0.721676 0.153261 0.011215
4 0.191845 0.671774 0.172298 0.011194
4 0.203893 0.646275 0.196283 0.011499
4 0.160828 0.696794 0.109579 0.011121
4 0.161620 0.621415 0.111872 0.011095
4 0.500051 0.528445 0.834042 0.060547
8 0.368694 0.382230 0.573183 0.014802
10 0.499410 0.145627 0.834388 0.028943
4 0.499161 0.807140 0.833786 0.014307
4 0.499472 0.335127 0.833676 0.027426
4 0.311947 0.175338 0.459237 0.013870
10 0.355944 0.576148 0.501737 0.014247
10 0.853353 0.188629 0.126443 0.011477
6 0.805296 0.051054 0.267675 0.039610
8 0.258816 0.469552 0.353704 0.012883
8 0.180628 0.119703 0.182687 0.013015
10 0.258816 0.469552 0.353704 0.012883
4 0.180628 0.119703 0.182687 0.013015
5 0.499863 0.967192 0.042578 0.018043
