6 0.169173 0.041399 0.136199 0.016758
6 0.525921 0.039165 0.190369 0.012289
6 0.897512 0.037335 0.030954 0.013406
10 0.505166 0.075320 0.818741 0.042454
10 0.511357 0.110512 0.719687 0.023461
10 0.512131 0.149055 0.817193 0.044688
10 0.506714 0.195978 0.812550 0.046923
10 0.507488 0.252955 0.814098 0.067032
10 0.514453 0.330043 0.831123 0.087142
10 0.513679 0.413833 0.829575 0.075970
8 0.510583 0.483100 0.089767 0.024579
8 0.517548 0.509913 0.295613 0.020110
8 0.521417 0.538960 0.563368 0.022344
8 0.514453 0.562422 0.242991 0.022344
10 0.522965 0.706541 0.838861 0.212269
8 0.522965 0.849543 0.321925 0.026813
10 0.548502 0.877474 0.766119 0.029047
