4 0.504304 0.522716 0.826257 0.142698
4 0.504279 0.814431 0.826150 0.069522
4 0.504318 0.402193 0.826234 0.069477
4 0.504178 0.185382 0.827129 0.051189
4 0.504320 0.889044 0.826204 0.050749
4 0.503636 0.624948 0.825936 0.032376
4 0.504095 0.672170 0.825138 0.032511
4 0.504253 0.249693 0.826066 0.047485
7 0.890187 0.050851 0.091419 0.071814
8 0.124599 0.296758 0.085426 0.011683
8 0.127030 0.709221 0.090188 0.011831
10 0.513493 0.748759 0.808067 0.032539
10 0.513317 0.336496 0.808337 0.032820
6 0.185283 0.051239 0.252502 0.037407
4 0.512912 0.128709 0.806385 0.032016
10 0.512912 0.128709 0.806385 0.032016
5 0.501673 0.967198 0.030912 0.024569
