6 0.106112 0.070190 0.037989 0.020038
6 0.518673 0.065737 0.337343 0.020038
6 0.838541 0.063511 0.135241 0.020038
10 0.497399 0.104701 0.808407 0.053435
10 0.495120 0.176504 0.803849 0.054549
10 0.496639 0.249421 0.797770 0.053435
10 0.500438 0.334027 0.811447 0.080153
10 0.505757 0.420303 0.816005 0.054549
4 0.533869 0.494890 0.747625 0.052322
4 0.369756 0.554448 0.407243 0.026718
10 0.505794 0.637866 0.800810 0.105757
10 0.507314 0.744736 0.809927 0.083493
4 0.539984 0.834908 0.747625 0.061228
