6 0.157810 0.049963 0.136506 0.021373
6 0.524964 0.047713 0.180439 0.021373
6 0.907023 0.048275 0.043933 0.015749
8 0.519472 0.075273 0.134937 0.026997
8 0.521826 0.123081 0.312237 0.032622
8 0.522610 0.174264 0.081590 0.033747
8 0.525748 0.222072 0.091004 0.025873
10 0.492014 0.280566 0.826879 0.057370
10 0.492798 0.353684 0.822172 0.055120
10 0.492798 0.454925 0.822172 0.106865
10 0.490445 0.566852 0.817465 0.078743
10 0.491229 0.668092 0.831586 0.083242
10 0.490445 0.763709 0.826879 0.078743
