6 0.503082 0.061285 0.354660 0.018233
6 0.838038 0.057297 0.148169 0.019372
6 0.100345 0.067553 0.040983 0.014814
10 0.493624 0.099461 0.827541 0.046722
10 0.495988 0.148461 0.838574 0.055838
10 0.356489 0.194044 0.436626 0.026210
8 0.512539 0.223672 0.064627 0.028489
8 0.505446 0.251591 0.220677 0.029628
10 0.521997 0.294325 0.871676 0.053559
10 0.521209 0.349023 0.870100 0.046722
10 0.419539 0.387199 0.553270 0.029628
10 0.518056 0.439618 0.841727 0.072932
10 0.525149 0.513689 0.859066 0.068373
10 0.513327 0.614540 0.835422 0.137886
10 0.513327 0.730205 0.838574 0.098002
10 0.481014 0.794590 0.669914 0.030768
10 0.523573 0.847010 0.840151 0.069513
10 0.524361 0.909116 0.838574 0.052420
10 0.548005 0.954698 0.803896 0.036466
