9 0.511406 0.667009 0.793298 0.061742
9 0.527861 0.211616 0.762432 0.153855
9 0.511446 0.551953 0.793485 0.062478
8 0.136194 0.075554 0.107621 0.013052
8 0.263342 0.501620 0.361005 0.012830
5 0.094253 0.965099 0.022781 0.011002
8 0.276331 0.617510 0.387122 0.013040
8 0.226699 0.095771 0.288588 0.013052
9 0.527831 0.404019 0.762515 0.154341
4 0.304933 0.116404 0.379302 0.012219
7 0.827147 0.031801 0.344765 0.015594
10 0.270364 0.592913 0.310577 0.010155
4 0.269534 0.309201 0.308459 0.012408
8 0.269534 0.309201 0.308459 0.012408
6 0.267178 0.038461 0.357442 0.026356
