6 0.134982 0.064074 0.035179 0.021965
6 0.550739 0.062918 0.380577 0.028901
6 0.893738 0.062340 0.161505 0.025433
4 0.543543 0.097599 0.849103 0.038149
4 0.545942 0.144418 0.853900 0.048553
4 0.544343 0.194705 0.850702 0.049709
4 0.553937 0.244993 0.857098 0.043929
10 0.796195 0.370421 0.350195 0.017340
10 0.544343 0.412038 0.844306 0.061269
10 0.540345 0.480822 0.839508 0.064737
10 0.546741 0.582552 0.842706 0.127163
10 0.550739 0.696999 0.853900 0.087858
8 0.300485 0.757112 0.244657 0.018496
10 0.697853 0.758268 0.534087 0.020809
10 0.753820 0.923002 0.434945 0.015028
10 0.548340 0.943233 0.849103 0.025433
10 0.388297 0.364392 0.426950 0.030057
10 0.342724 0.920441 0.351794 0.020808
10 0.544206 0.896743 0.729173 0.019652
10 0.545805 0.778250 0.841107 0.020808
10 0.546604 0.836051 0.836310 0.090170
8 0.546604 0.316417 0.084750 0.021965
8 0.540208 0.343006 0.145515 0.015028
