9 0.498985 0.825304 0.834312 0.138805
9 0.498892 0.635671 0.834815 0.153069
9 0.499146 0.236965 0.835391 0.173999
9 0.499244 0.422918 0.835211 0.109891
7 0.112630 0.051073 0.092124 0.072691
1 0.378458 0.492732 0.591514 0.012853
1 0.370960 0.519182 0.575984 0.013155
10 0.837412 0.740967 0.150367 0.014529
8 0.208204 0.352664 0.250574 0.012017
10 0.839440 0.136069 0.150638 0.014277
10 0.841084 0.353686 0.150561 0.014854
8 0.250819 0.740087 0.335998 0.012082
10 0.841202 0.544651 0.150395 0.014384
8 0.234719 0.136468 0.304718 0.014971
6 0.805428 0.051023 0.267426 0.039484
8 0.205695 0.543740 0.245798 0.011958
5 0.501923 0.974090 0.074168 0.040331
