6 0.539517 0.031146 0.192029 0.020450
6 0.918111 0.030578 0.024979 0.023858
6 0.178877 0.034554 0.142070 0.020450
10 0.482532 0.057276 0.671321 0.020450
4 0.516879 0.094768 0.827442 0.049989
4 0.443502 0.137940 0.583893 0.029539
4 0.516098 0.189634 0.825881 0.067031
10 0.516879 0.261777 0.827442 0.072711
10 0.516879 0.325399 0.830565 0.049989
10 0.518440 0.387317 0.836810 0.073847
10 0.527027 0.449803 0.819636 0.053397
8 0.530930 0.523651 0.078061 0.019314
8 0.521563 0.549213 0.524567 0.029539
10 0.517660 0.607155 0.822759 0.074983
4 0.522343 0.667937 0.829004 0.048853
10 0.517660 0.718494 0.822759 0.049989
10 0.516879 0.771323 0.821197 0.051125
4 0.512195 0.821312 0.818075 0.051125
4 0.516098 0.895728 0.822759 0.097706
