6 0.122068 0.058795 0.035597 0.019049
6 0.516735 0.058795 0.335854 0.023531
6 0.852589 0.058235 0.134651 0.020170
10 0.197906 0.088489 0.177987 0.015688
10 0.246659 0.114822 0.148581 0.023531
10 0.241242 0.138353 0.143937 0.016808
10 0.455601 0.159083 0.696471 0.022411
10 0.257493 0.183735 0.176439 0.022411
10 0.358095 0.206145 0.377642 0.024652
10 0.273744 0.229116 0.205846 0.023531
10 0.291543 0.256009 0.238348 0.028013
10 0.319402 0.277860 0.424074 0.026893
10 0.214157 0.300831 0.058813 0.021290
10 0.218800 0.324922 0.049527 0.022411
10 0.310115 0.350134 0.275493 0.019049
10 0.396787 0.371424 0.603609 0.021290
10 0.261362 0.394956 0.196560 0.019049
10 0.266006 0.419047 0.190369 0.022411
10 0.409943 0.438096 0.617538 0.024652
10 0.437028 0.459947 0.547891 0.023531
10 0.515961 0.512612 0.829575 0.063871
8 0.143736 0.555192 0.075838 0.016808
10 0.516735 0.597773 0.818741 0.059388
10 0.526022 0.652119 0.843504 0.044821
8 0.519057 0.685175 0.089767 0.016808
8 0.526795 0.708706 0.300257 0.025772
10 0.511318 0.735599 0.677899 0.028013
10 0.225765 0.760811 0.112983 0.020170
10 0.624302 0.764172 0.089767 0.020170
10 0.510544 0.807873 0.837313 0.062750
10 0.216479 0.853815 0.091315 0.022411
10 0.138319 0.873425 0.049527 0.025772
10 0.567810 0.875666 0.187273 0.021290
10 0.881222 0.917125 0.065004 0.030254
10 0.186298 0.917125 0.148581 0.021290
10 0.175464 0.935614 0.123817 0.022411
10 0.167726 0.957465 0.114531 0.016808
10 0.598764 0.854936 0.029407 0.013446
