6 0.160521 0.042198 0.138610 0.016758
6 0.519366 0.038288 0.184813 0.013406
6 0.887451 0.036053 0.033882 0.017875
8 0.500884 0.065101 0.308021 0.024579
10 0.215965 0.096941 0.237176 0.032399
10 0.606382 0.092472 0.201754 0.030165
10 0.217505 0.125988 0.234096 0.025696
10 0.146660 0.188552 0.101647 0.034633
8 0.502425 0.246647 0.274139 0.027930
9 0.508585 0.352781 0.825497 0.117307
10 0.502425 0.466736 0.816256 0.119541
10 0.503195 0.549968 0.817796 0.046923
10 0.506275 0.608621 0.814716 0.072618
10 0.508585 0.709729 0.819336 0.131830
10 0.509355 0.823684 0.817796 0.091611
10 0.510125 0.909150 0.819336 0.083790
