9 0.536772 0.282275 0.761335 0.182929
9 0.520427 0.826002 0.792940 0.152615
9 0.536774 0.505243 0.761715 0.182067
4 0.520361 0.628584 0.792125 0.026275
9 0.520528 0.677621 0.794167 0.047257
8 0.157921 0.135794 0.131740 0.008924
5 0.905350 0.964689 0.021990 0.008503
4 0.298851 0.157098 0.413949 0.011201
4 0.270690 0.395922 0.357489 0.011121
10 0.553136 0.097499 0.651242 0.024254
4 0.353902 0.730573 0.524466 0.009992
8 0.152325 0.094332 0.092120 0.013426
7 0.358770 0.032977 0.717757 0.017377
6 0.715579 0.055076 0.110679 0.017494
6 0.852041 0.054104 0.134575 0.019437
