6 0.161600 0.052612 0.142070 0.019123
6 0.530046 0.052612 0.182662 0.021373
6 0.910982 0.052050 0.032785 0.015749
10 0.504286 0.103232 0.818075 0.075368
10 0.506628 0.189849 0.819636 0.050620
10 0.506628 0.279278 0.829004 0.078743
10 0.444960 0.350709 0.696301 0.023623
10 0.510531 0.413141 0.827442 0.051745
10 0.511311 0.484009 0.822759 0.053995
10 0.512873 0.570064 0.822759 0.088867
10 0.515215 0.671867 0.824320 0.080992
10 0.121789 0.725299 0.028102 0.023623
10 0.469939 0.770857 0.721280 0.020248
10 0.515215 0.832727 0.821197 0.056245
