6 0.179372 0.047055 0.139294 0.020450
6 0.539216 0.047055 0.177987 0.018178
6 0.912215 0.044783 0.029407 0.015906
10 0.518322 0.082275 0.814098 0.045445
10 0.526060 0.141353 0.823384 0.074983
10 0.521417 0.220881 0.817193 0.086345
10 0.522191 0.331652 0.821836 0.130653
10 0.526834 0.411748 0.713496 0.024994
10 0.526834 0.450944 0.824932 0.044308
10 0.523739 0.519678 0.818741 0.088617
10 0.526834 0.598638 0.828027 0.067031
10 0.392957 0.642947 0.442646 0.028403
4 0.550050 0.692936 0.772310 0.064758
4 0.550824 0.772464 0.770762 0.096570
4 0.556241 0.845175 0.781596 0.044308
10 0.557015 0.891187 0.783143 0.043172
4 0.555467 0.941745 0.780048 0.062486
