6 0.100489 0.058509 0.024521 0.023623
6 0.488229 0.061884 0.331035 0.028122
6 0.820031 0.059634 0.145594 0.021373
8 0.488229 0.088319 0.331035 0.024748
10 0.421562 0.114754 0.685060 0.025873
8 0.486391 0.191224 0.268200 0.028122
9 0.476429 0.283465 0.812263 0.156360
10 0.482559 0.422952 0.815328 0.120364
8 0.514743 0.496070 0.058238 0.025873
4 0.490988 0.536567 0.816861 0.043871
4 0.485624 0.587749 0.806133 0.049495
4 0.505548 0.654681 0.769351 0.091117
4 0.532776 0.728959 0.718776 0.055120
4 0.519750 0.780142 0.772416 0.042746
4 0.525880 0.830762 0.735634 0.049495
4 0.515152 0.889257 0.763221 0.062994
4 0.513619 0.947751 0.757090 0.049495
