7 0.112781 0.051024 0.091894 0.072448
9 0.496358 0.445280 0.829603 0.563051
10 0.624024 0.810272 0.247687 0.021096
8 0.528597 0.121921 0.519600 0.025089
6 0.805254 0.051190 0.267967 0.039644
10 0.535193 0.732474 0.046349 0.008668
10 0.280979 0.752722 0.385275 0.021184
10 0.859020 0.159290 0.092891 0.010257
8 0.528638 0.146153 0.705412 0.017487
10 0.821582 0.893295 0.185626 0.040226
10 0.176118 0.787776 0.174651 0.010428
10 0.524064 0.889337 0.112957 0.047429
10 0.159672 0.733557 0.142071 0.010738
5 0.499901 0.978042 0.071863 0.045902
10 0.180807 0.815017 0.184190 0.009865
10 0.650039 0.888220 0.095704 0.049441
10 0.180485 0.808166 0.184015 0.023774
10 0.144130 0.875174 0.116746 0.063680
