6 0.090765 0.063642 0.033136 0.020638
6 0.501949 0.069617 0.331357 0.026069
6 0.814480 0.073418 0.137061 0.020638
10 0.483122 0.102746 0.790739 0.051052
10 0.480110 0.188014 0.793751 0.082553
10 0.478604 0.268937 0.802788 0.059742
10 0.480110 0.362352 0.805801 0.116225
10 0.471826 0.459569 0.792245 0.056483
10 0.470320 0.556242 0.792245 0.112967
10 0.468061 0.659433 0.784714 0.063001
10 0.471073 0.720261 0.796763 0.054311
4 0.492912 0.794124 0.731998 0.063001
5 0.800171 0.926099 0.135555 0.027155
