6 0.482523 0.042517 0.332663 0.016758
6 0.097497 0.046427 0.030802 0.017875
6 0.820576 0.045310 0.133989 0.015641
8 0.490223 0.071564 0.274139 0.018993
9 0.481753 0.138038 0.805475 0.111721
10 0.490224 0.308412 0.822417 0.103900
10 0.249967 0.377120 0.221775 0.020110
4 0.534117 0.410077 0.728470 0.045805
4 0.535657 0.451414 0.731550 0.039102
10 0.501004 0.493868 0.825497 0.041337
10 0.496384 0.547494 0.813176 0.068150
10 0.492534 0.605588 0.808556 0.048040
10 0.493304 0.653628 0.803935 0.052509
10 0.494074 0.702227 0.805475 0.046923
10 0.494074 0.763115 0.808556 0.065915
10 0.491764 0.827913 0.807015 0.063681
10 0.492534 0.886007 0.808556 0.054743
