6 0.495049 0.063290 0.333495 0.019284
6 0.495049 0.086324 0.333495 0.024641
6 0.492775 0.109359 0.256185 0.021427
10 0.756539 0.142035 0.213740 0.022499
10 0.175955 0.135607 0.177359 0.020356
10 0.195661 0.174712 0.210708 0.034283
10 0.376810 0.226672 0.457798 0.024641
10 0.319206 0.255063 0.339559 0.019284
8 0.113803 0.222923 0.053056 0.019284
8 0.107740 0.249171 0.056088 0.020356
10 0.494291 0.304346 0.832222 0.079281
10 0.499596 0.371306 0.836769 0.039640
9 0.495049 0.548616 0.861023 0.312837
10 0.497323 0.735568 0.726110 0.041783
10 0.287372 0.843239 0.291050 0.021427
8 0.100918 0.839490 0.069731 0.026784
