6 0.185808 0.060762 0.169455 0.021450
6 0.537271 0.059633 0.188284 0.030482
6 0.920899 0.059633 0.036088 0.016934
8 0.509029 0.087292 0.119246 0.022579
8 0.509029 0.120596 0.335773 0.034997
10 0.515305 0.188897 0.841001 0.049674
4 0.123832 0.234620 0.061192 0.028224
4 0.359186 0.263408 0.434622 0.027095
4 0.509029 0.302357 0.841001 0.044029
4 0.315253 0.341870 0.265166 0.030482
10 0.510598 0.396624 0.847277 0.067737
4 0.505891 0.455894 0.837863 0.050803
4 0.506675 0.516857 0.845708 0.071124
4 0.506675 0.589674 0.851984 0.069995
4 0.505106 0.660798 0.848846 0.076768
10 0.503537 0.744904 0.848846 0.093703
10 0.507460 0.825624 0.856691 0.076768
10 0.512167 0.889974 0.844139 0.051932
4 0.540409 0.931745 0.787654 0.027095
4 0.539625 0.966743 0.789223 0.040642
