6 0.189183 0.041779 0.145485 0.018993
6 0.545931 0.043455 0.177987 0.020110
6 0.922026 0.046807 0.020120 0.015641
4 0.355562 0.068592 0.360617 0.027930
4 0.323834 0.171934 0.297161 0.029047
4 0.546705 0.211036 0.736712 0.051391
8 0.550574 0.281420 0.066552 0.024579
8 0.548253 0.313260 0.154771 0.027930
8 0.549027 0.346776 0.128460 0.023461
10 0.749456 0.373031 0.058813 0.022344
10 0.223233 0.404312 0.102149 0.020110
10 0.241031 0.437829 0.140842 0.024579
10 0.210851 0.467435 0.071195 0.018993
10 0.220911 0.495923 0.085124 0.020110
10 0.258830 0.529440 0.179535 0.029047
10 0.288237 0.560721 0.232157 0.020110
10 0.521942 0.598706 0.829575 0.037985
10 0.465450 0.641719 0.598965 0.025696
10 0.219363 0.670208 0.085124 0.026813
10 0.213946 0.700372 0.086672 0.022344
10 0.241805 0.734447 0.136199 0.023461
10 0.608614 0.734447 0.309543 0.025696
10 0.197695 0.762377 0.041788 0.018992
10 0.197695 0.794217 0.041788 0.020110
10 0.758742 0.823265 0.343593 0.026813
10 0.756420 0.857340 0.385381 0.032399
