6 0.163396 0.033488 0.154474 0.028593
6 0.525149 0.030629 0.197033 0.029737
6 0.905818 0.030057 0.037830 0.019443
10 0.505446 0.068943 0.838574 0.042318
10 0.505446 0.129560 0.841727 0.072054
10 0.509387 0.192465 0.846456 0.049180
10 0.514904 0.242788 0.848032 0.051467
10 0.512539 0.298830 0.840151 0.056042
10 0.376980 0.342864 0.458694 0.022874
10 0.518844 0.380606 0.855913 0.048036
10 0.473921 0.424067 0.649422 0.025162
10 0.519632 0.477250 0.854337 0.062904
10 0.511751 0.546445 0.838574 0.073198
10 0.379345 0.603631 0.460270 0.022874
10 0.519632 0.643661 0.841727 0.043461
10 0.518056 0.692841 0.838574 0.050324
10 0.515692 0.743736 0.833846 0.053755
10 0.517268 0.808928 0.824388 0.076629
10 0.524361 0.875836 0.829117 0.054898
10 0.542488 0.921013 0.777100 0.035455
