9 0.520392 0.241239 0.793420 0.121458
9 0.520288 0.649497 0.793695 0.318237
10 0.504193 0.111340 0.825705 0.041582
10 0.503968 0.834237 0.825821 0.026582
10 0.335939 0.859718 0.424342 0.011096
8 0.157828 0.450279 0.131224 0.009124
5 0.904857 0.964627 0.022177 0.008390
10 0.485918 0.878404 0.788813 0.011079
10 0.340834 0.896252 0.434484 0.011312
10 0.133225 0.358140 0.018015 0.008608
10 0.499509 0.410347 0.543402 0.011278
4 0.377711 0.471624 0.572201 0.011166
4 0.504048 0.329889 0.825920 0.024475
8 0.152316 0.408796 0.092287 0.012874
8 0.193087 0.147274 0.202890 0.010926
8 0.422842 0.075845 0.662402 0.011438
4 0.422842 0.075845 0.662402 0.011438
4 0.193087 0.147274 0.202890 0.010926
7 0.348803 0.031894 0.699760 0.020702
6 0.714757 0.055080 0.111447 0.015733
6 0.851923 0.054666 0.135023 0.014905
