6 0.172682 0.073869 0.144532 0.022654
6 0.530905 0.069905 0.180277 0.016990
6 0.902338 0.063675 0.037299 0.018123
10 0.518472 0.106151 0.814355 0.044175
10 0.507593 0.154290 0.836113 0.043042
10 0.520803 0.206960 0.837667 0.048706
10 0.520026 0.270957 0.833004 0.072492
8 0.518472 0.354776 0.083922 0.027185
8 0.521581 0.384226 0.077706 0.022654
8 0.513810 0.413110 0.515965 0.026052
10 0.501377 0.443126 0.811247 0.029450
10 0.323431 0.479372 0.433597 0.027185
10 0.129167 0.513919 0.035745 0.019256
10 0.436104 0.539971 0.652727 0.028317
9 0.518472 0.638515 0.817463 0.166505
8 0.523912 0.754616 0.066827 0.018123
10 0.527020 0.797092 0.837667 0.050971
10 0.279916 0.842966 0.334134 0.024919
10 0.517695 0.869017 0.809693 0.031715
10 0.158695 0.895069 0.032636 0.022654
10 0.177345 0.922254 0.119667 0.027185
10 0.157141 0.957367 0.069935 0.024919
10 0.615604 0.920555 0.063719 0.026052
10 0.632700 0.950571 0.125883 0.022654
