6 0.094695 0.059523 0.028373 0.014624
6 0.494279 0.058398 0.338898 0.021373
6 0.837117 0.056711 0.141864 0.015749
10 0.428076 0.084271 0.701439 0.023623
4 0.501372 0.122517 0.838574 0.052870
10 0.498220 0.183261 0.832269 0.066369
10 0.502160 0.255817 0.843303 0.076493
4 0.361084 0.308125 0.435050 0.025873
4 0.429609 0.342487 0.575338 0.023623
4 0.505270 0.380733 0.836998 0.043871
10 0.505270 0.429666 0.836998 0.051745
10 0.502906 0.483099 0.825964 0.050620
4 0.502906 0.534281 0.822812 0.051745
8 0.533643 0.606275 0.086695 0.020248
8 0.528914 0.636647 0.200186 0.029247
10 0.508423 0.720451 0.865371 0.127113
4 0.506846 0.823379 0.836998 0.074243
4 0.509999 0.883561 0.843303 0.043871
4 0.461923 0.924620 0.646270 0.026997
4 0.451677 0.956679 0.619473 0.030372
