6 0.177579 0.052345 0.145017 0.021965
6 0.542485 0.050033 0.184423 0.019652
6 0.928671 0.048299 0.036254 0.016184
10 0.520417 0.108412 0.830693 0.083234
10 0.525146 0.189334 0.836998 0.076298
10 0.524358 0.273146 0.838574 0.089014
10 0.531451 0.377188 0.852761 0.112135
10 0.532239 0.467936 0.848032 0.053177
10 0.381706 0.508397 0.442931 0.025433
10 0.534604 0.582961 0.862218 0.112135
10 0.529087 0.665039 0.854337 0.049709
10 0.528299 0.717060 0.855913 0.054333
10 0.497561 0.769659 0.784981 0.050865
10 0.524358 0.834397 0.832269 0.076298
10 0.525146 0.914163 0.836998 0.090170
