6 0.106457 0.037605 0.036088 0.012460
6 0.497930 0.032508 0.348325 0.020388
6 0.842333 0.028544 0.139644 0.021521
4 0.270421 0.059693 0.260459 0.024919
4 0.263360 0.093107 0.246338 0.026052
4 0.200599 0.124256 0.224371 0.022654
4 0.253162 0.153140 0.338911 0.021521
4 0.128424 0.184855 0.101987 0.028317
10 0.112733 0.216571 0.067468 0.026052
10 0.120578 0.246587 0.073744 0.022654
10 0.175495 0.278302 0.183577 0.024919
10 0.231980 0.306053 0.283995 0.026052
4 0.499499 0.419888 0.856691 0.131392
4 0.497146 0.503141 0.751566 0.028317
4 0.520681 0.555245 0.795499 0.066829
4 0.321414 0.605650 0.396965 0.033981
10 0.500284 0.659452 0.826879 0.066829
4 0.499070 0.711799 0.731168 0.031715
4 0.415127 0.740682 0.547592 0.030583
4 0.502993 0.771265 0.726461 0.035113
4 0.174281 0.810343 0.075313 0.018123
4 0.523390 0.844890 0.786085 0.044175
4 0.521821 0.896427 0.779808 0.061165
