9 0.499088 0.802356 0.835382 0.173478
9 0.499108 0.579933 0.834909 0.168455
9 0.499431 0.313762 0.834843 0.152560
9 0.499428 0.163678 0.837192 0.058125
10 0.499358 0.919319 0.834706 0.029345
7 0.890334 0.050858 0.091310 0.071771
8 0.485571 0.689215 0.806176 0.031250
10 0.840925 0.481027 0.150216 0.014512
1 0.499851 0.426986 0.836039 0.056576
0 0.223112 0.119694 0.280747 0.014050
10 0.830906 0.119755 0.150474 0.014492
10 0.841121 0.222808 0.150551 0.014583
6 0.185502 0.051179 0.252129 0.037199
0 0.208895 0.221748 0.252603 0.011948
0 0.223077 0.481359 0.281464 0.014766
5 0.498689 0.970768 0.023192 0.009540
8 0.223077 0.481359 0.281464 0.014766
