6 0.160542 0.055266 0.148793 0.026036
6 0.523819 0.050172 0.207361 0.024904
6 0.902924 0.045644 0.034824 0.020376
4 0.541231 0.085831 0.755045 0.046412
4 0.512738 0.146959 0.796201 0.069052
4 0.516695 0.209219 0.800950 0.053204
8 0.170039 0.253934 0.177285 0.031696
10 0.521444 0.291290 0.807281 0.045280
4 0.446256 0.333740 0.577760 0.032828
4 0.442299 0.365437 0.544519 0.030564
10 0.514321 0.436753 0.805698 0.109805
8 0.192200 0.513164 0.234270 0.027168
4 0.521444 0.562406 0.804116 0.069052
4 0.519861 0.632590 0.800950 0.073581
4 0.521444 0.694851 0.807281 0.053204
8 0.193783 0.739565 0.218441 0.027168
4 0.524610 0.798430 0.797784 0.090561
4 0.534899 0.869180 0.818362 0.053204
4 0.551519 0.920686 0.753463 0.054336
5 0.139964 0.959175 0.136130 0.031696
