6 0.181834 0.051190 0.136506 0.024652
6 0.538789 0.056793 0.178870 0.022411
6 0.922417 0.059594 0.042364 0.016808
8 0.519961 0.080885 0.069037 0.028013
8 0.523883 0.111699 0.221233 0.029134
8 0.510546 0.139713 0.815896 0.029134
8 0.498779 0.162684 0.362446 0.021290
8 0.527021 0.193498 0.466002 0.029134
8 0.518392 0.226554 0.442467 0.028013
10 0.265778 0.255128 0.273011 0.029134
10 0.402283 0.285943 0.539747 0.030254
10 0.213215 0.316197 0.155334 0.028013
10 0.195171 0.347572 0.116108 0.023531
10 0.203801 0.378387 0.139644 0.017929
10 0.218707 0.406961 0.169455 0.025772
10 0.268916 0.437215 0.263597 0.025772
10 0.302650 0.468030 0.349894 0.029134
10 0.308926 0.499405 0.356170 0.026893
10 0.280683 0.531900 0.296547 0.024652
10 0.292451 0.562155 0.294978 0.026893
9 0.495641 0.608657 0.811189 0.068353
10 0.381101 0.669726 0.519349 0.053786
10 0.358350 0.731916 0.464433 0.059388
10 0.480735 0.885429 0.828448 0.054906
