6 0.160754 0.047974 0.140842 0.021290
6 0.516728 0.047414 0.181083 0.024652
6 0.892049 0.053017 0.024763 0.013446
10 0.496608 0.083832 0.812550 0.048183
8 0.527562 0.120249 0.054170 0.022411
4 0.501251 0.158907 0.821836 0.039219
4 0.498929 0.203169 0.817193 0.044821
4 0.502748 0.278195 0.824932 0.107571
4 0.503522 0.366717 0.826479 0.067232
4 0.529059 0.412659 0.763023 0.031375
8 0.532929 0.445155 0.297161 0.031375
8 0.526624 0.473887 0.137747 0.025772
9 0.499539 0.518148 0.838861 0.064991
8 0.495670 0.578657 0.100601 0.026893
8 0.498765 0.605550 0.277041 0.026893
8 0.502634 0.630762 0.786239 0.023531
8 0.502634 0.650932 0.238348 0.019049
10 0.499610 0.739056 0.824932 0.141188
10 0.845524 0.851670 0.126913 0.030254
8 0.503479 0.877443 0.328115 0.025772
10 0.502705 0.920583 0.834218 0.053786
