6 0.165068 0.063413 0.128460 0.023531
6 0.531103 0.060612 0.176439 0.022411
6 0.909519 0.058931 0.035597 0.016808
4 0.507887 0.089185 0.677899 0.025772
4 0.545806 0.148574 0.753737 0.052665
10 0.514078 0.234855 0.826479 0.077317
10 0.512530 0.336264 0.814098 0.082920
4 0.428180 0.409098 0.499912 0.033616
4 0.560509 0.516670 0.761476 0.049304
4 0.551997 0.587824 0.747546 0.057147
10 0.545806 0.675226 0.759928 0.081799
10 0.526460 0.805768 0.807907 0.134464
5 0.171259 0.945835 0.140842 0.022411
4 0.425084 0.459523 0.490625 0.024652
