10 0.499848 0.275376 0.836195 0.269629
10 0.499782 0.762805 0.835311 0.080618
10 0.499898 0.519166 0.835279 0.077930
10 0.499652 0.886180 0.835202 0.047072
10 0.500326 0.445258 0.836303 0.045675
10 0.499487 0.621731 0.835593 0.029690
10 0.499513 0.831192 0.834786 0.028121
7 0.890190 0.050805 0.091514 0.071835
8 0.165761 0.121698 0.165812 0.013643
8 0.112822 0.587998 0.060994 0.013574
8 0.166185 0.699497 0.166659 0.011575
8 0.258130 0.667923 0.352871 0.015062
6 0.185324 0.051126 0.252318 0.037475
5 0.501236 0.966661 0.048072 0.016981
