9 0.520337 0.194259 0.793528 0.195964
10 0.520230 0.393605 0.792549 0.025162
5 0.905468 0.964582 0.022073 0.008528
4 0.504121 0.445761 0.825418 0.029286
8 0.504111 0.332092 0.825314 0.028996
8 0.399566 0.076599 0.616247 0.013915
10 0.521318 0.534791 0.157721 0.054139
8 0.504121 0.445761 0.825418 0.029286
7 0.359333 0.033034 0.717868 0.018238
4 0.504111 0.332092 0.825314 0.028996
4 0.399566 0.076599 0.616247 0.013915
10 0.788254 0.527223 0.116484 0.039294
10 0.330306 0.361488 0.417488 0.024223
10 0.250514 0.540959 0.243653 0.079275
10 0.189957 0.608673 0.139638 0.038537
6 0.851098 0.054296 0.136788 0.017617
6 0.715022 0.054847 0.115415 0.016516
