9 0.511566 0.801372 0.795609 0.256562
10 0.512897 0.457282 0.794787 0.118771
10 0.512576 0.154155 0.794459 0.058179
9 0.511233 0.585224 0.793634 0.078151
4 0.512686 0.274454 0.795108 0.027683
4 0.512736 0.240696 0.795191 0.027424
4 0.512754 0.206859 0.795665 0.028072
4 0.512794 0.308247 0.795140 0.027547
4 0.512849 0.342066 0.794671 0.027622
8 0.495941 0.376254 0.826820 0.027740
8 0.495363 0.650103 0.826385 0.027878
5 0.093911 0.965321 0.021935 0.012059
8 0.190413 0.075383 0.215724 0.013139
8 0.430776 0.530801 0.695857 0.013043
8 0.496093 0.103319 0.826721 0.027973
7 0.827629 0.031911 0.344394 0.015817
6 0.270486 0.038328 0.350622 0.026091
