6 0.152101 0.062398 0.160074 0.025873
6 0.512655 0.064648 0.181831 0.023623
6 0.887973 0.065773 0.046623 0.014624
10 0.217374 0.091646 0.079260 0.019123
10 0.236023 0.118643 0.163182 0.023623
10 0.229030 0.142266 0.090139 0.014624
10 0.235246 0.165326 0.093247 0.017998
10 0.222036 0.187824 0.079260 0.020248
10 0.327716 0.212572 0.349675 0.020248
10 0.329270 0.237319 0.467788 0.017998
10 0.201055 0.262630 0.099463 0.021373
10 0.502553 0.309875 0.826788 0.043871
10 0.166088 0.380181 0.141424 0.022498
10 0.805605 0.437551 0.223792 0.033747
8 0.138114 0.469610 0.069935 0.023623
10 0.510324 0.512919 0.814355 0.069743
10 0.516540 0.577038 0.836113 0.056245
10 0.506439 0.618659 0.809693 0.020248
4 0.532859 0.654093 0.781719 0.046121
4 0.530527 0.687277 0.780165 0.020248
4 0.540629 0.718774 0.794152 0.038246
4 0.536744 0.762083 0.789489 0.048370
4 0.392988 0.799204 0.501978 0.023623
4 0.372785 0.823952 0.461571 0.025873
8 0.511101 0.861636 0.079260 0.022498
8 0.509547 0.880759 0.281294 0.022498
10 0.510324 0.918443 0.826788 0.043871
10 0.829694 0.951065 0.194264 0.019123
