10 0.499614 0.690044 0.835230 0.100226
10 0.499719 0.383706 0.835981 0.071277
4 0.511078 0.895665 0.811979 0.041839
10 0.499539 0.215494 0.835203 0.056658
10 0.499557 0.772749 0.835115 0.041636
10 0.499458 0.315551 0.835260 0.041930
4 0.499974 0.146019 0.834114 0.053557
4 0.511272 0.846362 0.811023 0.027352
4 0.502899 0.556035 0.829062 0.039961
10 0.499733 0.269217 0.835155 0.027259
4 0.502791 0.502686 0.828950 0.039058
8 0.166254 0.440118 0.166170 0.015173
7 0.890433 0.050786 0.091324 0.071752
8 0.306876 0.814101 0.448044 0.014569
10 0.364540 0.594257 0.552491 0.012464
10 0.351212 0.464944 0.537160 0.012457
8 0.143132 0.619869 0.121153 0.011833
8 0.185275 0.051123 0.252415 0.037400
5 0.499834 0.978301 0.071968 0.045390
6 0.185275 0.051123 0.252415 0.037400
