6 0.117062 0.071742 0.035597 0.021290
6 0.511729 0.074543 0.326568 0.031375
6 0.847583 0.078465 0.137747 0.021290
9 0.502443 0.147378 0.790882 0.127741
8 0.519468 0.233659 0.112983 0.024652
8 0.519468 0.258871 0.258468 0.030254
8 0.524885 0.284083 0.260016 0.024652
9 0.506336 0.370367 0.786239 0.135585
4 0.141849 0.453847 0.057265 0.022411
4 0.523360 0.498668 0.814098 0.064991
4 0.309002 0.544050 0.391572 0.032496
4 0.192923 0.572064 0.162510 0.021290
4 0.403413 0.596715 0.481339 0.025772
4 0.515622 0.629771 0.817193 0.042580
4 0.475381 0.673472 0.736712 0.042580
8 0.512526 0.744626 0.080481 0.032496
8 0.517170 0.773760 0.343593 0.034737
4 0.332992 0.797291 0.458123 0.028013
4 0.377101 0.826425 0.444194 0.030254
4 0.535742 0.862282 0.764571 0.041460
4 0.534194 0.902061 0.755285 0.031375
4 0.538064 0.940160 0.759928 0.044821
