9 0.520211 0.492813 0.794386 0.356139
10 0.503769 0.169670 0.824977 0.026280
10 0.520198 0.766564 0.792393 0.026952
10 0.553126 0.235104 0.650488 0.026481
8 0.157893 0.275276 0.131209 0.009370
5 0.906634 0.964588 0.019731 0.008590
4 0.504162 0.723185 0.825448 0.041840
1 0.355006 0.683857 0.461784 0.011650
4 0.466861 0.296663 0.750814 0.011767
8 0.150879 0.233799 0.088742 0.012887
8 0.348405 0.121460 0.307452 0.013699
7 0.143237 0.108880 0.103937 0.076661
7 0.358986 0.032661 0.717599 0.017216
6 0.713115 0.053475 0.106903 0.011312
6 0.851330 0.055491 0.134893 0.018531
