9 0.499161 0.591916 0.837121 0.115294
10 0.499364 0.202791 0.834499 0.056318
9 0.499032 0.743503 0.837572 0.090569
9 0.499262 0.411880 0.835344 0.060121
9 0.498817 0.315952 0.834020 0.059724
10 0.497771 0.150466 0.831460 0.026218
7 0.112820 0.051045 0.091885 0.072521
8 0.239989 0.485511 0.316115 0.013111
8 0.308446 0.119524 0.451450 0.014777
8 0.379566 0.362947 0.593873 0.014675
10 0.841230 0.519622 0.150500 0.014477
10 0.841054 0.683763 0.150558 0.014726
8 0.499108 0.259121 0.834213 0.031056
8 0.283971 0.518582 0.403124 0.011894
6 0.805336 0.051019 0.267568 0.039452
8 0.162970 0.682735 0.161024 0.011646
5 0.499889 0.978099 0.071890 0.045090
10 0.162970 0.682735 0.161024 0.011646
