6 0.069913 0.027725 0.023102 0.024979
6 0.463410 0.032266 0.338823 0.027250
6 0.797613 0.036808 0.129369 0.027250
4 0.452629 0.074277 0.797775 0.045417
4 0.454170 0.123101 0.800855 0.054500
4 0.237785 0.160002 0.291080 0.023844
4 0.399496 0.189523 0.592941 0.037469
8 0.454940 0.223018 0.269518 0.027250
9 0.448009 0.314988 0.800855 0.156689
10 0.448779 0.452374 0.802395 0.122626
8 0.478811 0.527313 0.052364 0.020438
10 0.451859 0.562511 0.802395 0.049959
10 0.452629 0.656183 0.807015 0.130574
10 0.289378 0.735663 0.378866 0.026115
10 0.247795 0.775971 0.421989 0.027250
10 0.442619 0.812305 0.811636 0.045417
10 0.443389 0.888946 0.810096 0.103324
