6 0.185549 0.037843 0.144770 0.018063
6 0.535923 0.031069 0.183273 0.022579
6 0.910169 0.028811 0.026182 0.020321
10 0.261784 0.060986 0.309561 0.019192
10 0.515132 0.101064 0.816256 0.049674
10 0.516672 0.160334 0.819336 0.071124
10 0.519752 0.232586 0.822417 0.073382
10 0.517442 0.307097 0.823957 0.075640
8 0.527453 0.383866 0.080086 0.028224
8 0.530533 0.418863 0.280299 0.021450
9 0.527453 0.554901 0.834737 0.234821
8 0.527453 0.695455 0.061604 0.023708
10 0.535923 0.738920 0.833197 0.051932
10 0.534383 0.789723 0.823957 0.049674
10 0.536693 0.849557 0.816256 0.069995
