6 0.519615 0.032825 0.348150 0.023271
6 0.866204 0.029334 0.154560 0.013962
6 0.116041 0.036315 0.040592 0.018617
10 0.517273 0.070058 0.821197 0.044215
8 0.307290 0.115436 0.313804 0.025598
10 0.516492 0.145106 0.832126 0.050032
8 0.401743 0.189321 0.515200 0.026761
10 0.521176 0.223063 0.807147 0.047705
8 0.306509 0.268442 0.312242 0.022107
10 0.525079 0.323128 0.836810 0.094247
8 0.360371 0.390032 0.394987 0.025598
10 0.522737 0.430174 0.819636 0.075630
10 0.529762 0.494750 0.830565 0.048869
4 0.514150 0.531983 0.702545 0.025598
4 0.475120 0.561072 0.615117 0.025598
4 0.461850 0.589579 0.588577 0.026761
8 0.256550 0.617504 0.177978 0.019780
10 0.528201 0.664045 0.839932 0.068649
10 0.525079 0.747238 0.836810 0.093083
10 0.528201 0.818214 0.836810 0.046542
10 0.563328 0.868246 0.791534 0.044215
10 0.586747 0.919442 0.760310 0.048869
