10 0.499526 0.773479 0.835439 0.094133
9 0.500881 0.579364 0.837865 0.139612
10 0.514248 0.285614 0.805862 0.093693
10 0.499648 0.880231 0.835333 0.045588
10 0.499586 0.392685 0.835196 0.044441
10 0.499627 0.469865 0.834942 0.030491
10 0.499711 0.675091 0.835562 0.030307
8 0.175548 0.435849 0.185878 0.013604
10 0.499136 0.922038 0.833738 0.013900
7 0.890348 0.050789 0.091659 0.071642
10 0.415378 0.147096 0.630175 0.013919
4 0.174513 0.194575 0.125016 0.013138
8 0.191146 0.122134 0.216859 0.013972
8 0.147089 0.707944 0.129164 0.013082
4 0.164819 0.169975 0.103681 0.010606
4 0.167614 0.218955 0.111152 0.010724
8 0.140595 0.837053 0.117351 0.010643
8 0.137474 0.350724 0.108015 0.010585
6 0.185323 0.051136 0.252205 0.037421
10 0.853769 0.501257 0.126793 0.011714
5 0.500549 0.967192 0.035711 0.020165
