6 0.166387 0.032526 0.135825 0.025873
6 0.523905 0.031401 0.188907 0.021373
6 0.904060 0.028026 0.028102 0.019123
4 0.506731 0.096082 0.819636 0.105740
10 0.508292 0.215321 0.825881 0.134987
4 0.505951 0.308687 0.824320 0.049495
4 0.505170 0.359307 0.822759 0.053995
4 0.505951 0.420614 0.824320 0.070868
4 0.507512 0.492045 0.827442 0.071993
10 0.506731 0.553914 0.825881 0.053995
4 0.506731 0.615784 0.825881 0.074243
10 0.505170 0.690027 0.832126 0.078743
4 0.469262 0.741772 0.626046 0.031497
4 0.507512 0.782268 0.824320 0.049495
4 0.396666 0.823889 0.480853 0.026997
4 0.509854 0.886883 0.829004 0.092241
