10 0.499522 0.484466 0.835515 0.096814
10 0.500184 0.307706 0.837166 0.080446
10 0.499407 0.172055 0.835912 0.063831
10 0.499239 0.640995 0.835213 0.040257
10 0.499631 0.563692 0.834881 0.031287
10 0.499521 0.377815 0.835097 0.031574
10 0.499192 0.237740 0.834724 0.031458
7 0.112588 0.051108 0.091943 0.072364
8 0.172954 0.602132 0.180421 0.014499
8 0.124032 0.413678 0.082457 0.011243
8 0.128880 0.120022 0.081428 0.011240
10 0.653501 0.710079 0.322300 0.026500
10 0.222744 0.718043 0.267598 0.046568
10 0.420563 0.833235 0.139598 0.040093
10 0.818448 0.835285 0.105914 0.023667
10 0.617834 0.836093 0.120014 0.039059
10 0.152657 0.825376 0.141135 0.024057
10 0.139516 0.910435 0.113730 0.023888
6 0.805203 0.051101 0.267767 0.039555
10 0.096691 0.794814 0.028439 0.009889
10 0.816608 0.804818 0.028700 0.009900
10 0.418738 0.794787 0.028513 0.009840
10 0.617555 0.797667 0.028316 0.009783
10 0.813704 0.875386 0.142842 0.040331
5 0.502610 0.965069 0.037084 0.024411
