4 0.190150 0.064991 0.215874 0.024187
4 0.519557 0.112213 0.868291 0.063348
4 0.515560 0.179592 0.857098 0.069107
4 0.519557 0.241788 0.861895 0.052982
4 0.333266 0.283252 0.479719 0.020732
4 0.528352 0.318957 0.876287 0.046071
4 0.517159 0.366180 0.844306 0.048375
4 0.520357 0.414555 0.860296 0.041464
4 0.411620 0.453139 0.639625 0.035705
4 0.532350 0.502666 0.865093 0.067955
4 0.265306 0.557951 0.331006 0.026491
4 0.394031 0.586169 0.476521 0.018428
4 0.326870 0.611508 0.339001 0.029946
4 0.523555 0.646638 0.873089 0.044919
4 0.518758 0.695588 0.850702 0.052982
4 0.355653 0.737628 0.524493 0.028794
4 0.521956 0.795217 0.844306 0.086383
4 0.497170 0.853382 0.794735 0.027643
4 0.526753 0.893694 0.853900 0.046071
6 0.522755 0.040227 0.369384 0.023036
6 0.860957 0.036772 0.153510 0.025339
6 0.116593 0.040227 0.046373 0.023036
5 0.875786 0.932912 0.143916 0.019580
