9 0.499402 0.525935 0.833822 0.450200
7 0.112811 0.051103 0.092004 0.072402
10 0.360090 0.281454 0.554701 0.012719
0 0.500039 0.769567 0.474702 0.014821
8 0.497904 0.123880 0.182220 0.018899
10 0.646959 0.810068 0.260408 0.012769
10 0.202515 0.797690 0.220606 0.010048
10 0.169310 0.820428 0.155277 0.010028
10 0.499598 0.171940 0.581207 0.032598
10 0.139189 0.841736 0.094361 0.010005
6 0.805364 0.051194 0.267681 0.039389
10 0.154576 0.893960 0.145300 0.079600
10 0.499863 0.253234 0.199155 0.025472
8 0.500439 0.217000 0.548877 0.032231
10 0.806986 0.897208 0.236539 0.071238
10 0.576946 0.899708 0.116409 0.065625
10 0.399672 0.898323 0.141617 0.069223
5 0.499176 0.970906 0.035711 0.012736
