6 0.149789 0.065507 0.143477 0.019192
6 0.507718 0.066071 0.178583 0.022579
6 0.870989 0.064378 0.025948 0.023708
9 0.478717 0.102762 0.807439 0.055318
9 0.465743 0.164290 0.775385 0.069995
9 0.435217 0.221302 0.714331 0.044029
9 0.434453 0.267588 0.715858 0.044029
9 0.428348 0.314440 0.700594 0.049674
9 0.432927 0.361291 0.709752 0.044029
9 0.435217 0.406449 0.714331 0.048545
9 0.436743 0.452172 0.714331 0.045158
9 0.437506 0.488862 0.715858 0.030482
9 0.439796 0.515957 0.720437 0.028224
9 0.441322 0.563937 0.726542 0.063221
9 0.435217 0.620949 0.714331 0.050803
8 0.478717 0.674010 0.135845 0.016934
9 0.479481 0.737231 0.815070 0.111766
9 0.474902 0.887946 0.805912 0.185148
