6 0.164058 0.064875 0.141424 0.024652
6 0.517618 0.073279 0.180277 0.025772
6 0.894491 0.074960 0.026420 0.020170
4 0.489644 0.094569 0.789489 0.028013
4 0.526943 0.126504 0.758407 0.035857
4 0.505963 0.165723 0.828342 0.042580
4 0.502077 0.206623 0.705567 0.028013
4 0.503631 0.267692 0.823680 0.085161
4 0.502854 0.337725 0.819017 0.050424
10 0.299266 0.383667 0.287511 0.032496
4 0.423595 0.413922 0.548602 0.030254
4 0.534714 0.446978 0.767732 0.031375
10 0.245649 0.502444 0.133654 0.028013
10 0.222337 0.538301 0.087030 0.025772
10 0.226999 0.567435 0.077706 0.023531
10 0.489644 0.471069 0.074597 0.028013
10 0.490421 0.508047 0.073043 0.016808
10 0.491198 0.539982 0.077706 0.024652
10 0.490686 0.569116 0.082368 0.024652
10 0.491463 0.622341 0.823680 0.068353
4 0.503896 0.681730 0.851654 0.048183
10 0.379567 0.723190 0.469342 0.028013
4 0.457272 0.754565 0.752190 0.050424
4 0.492240 0.827399 0.822126 0.093005
4 0.318179 0.886228 0.359000 0.022411
4 0.492240 0.923766 0.825234 0.036978
4 0.503119 0.960183 0.738203 0.035857
