4 0.512398 0.343622 0.795405 0.028425
4 0.512618 0.302486 0.795942 0.027931
4 0.495949 0.261669 0.827406 0.028074
4 0.496204 0.384877 0.827146 0.028269
4 0.323278 0.541477 0.416394 0.013218
4 0.496491 0.440965 0.827733 0.058413
4 0.408301 0.515508 0.587519 0.013075
4 0.399258 0.567420 0.568741 0.013138
4 0.289969 0.489657 0.414529 0.013028
5 0.094278 0.965089 0.022489 0.012357
8 0.496767 0.132509 0.587311 0.046095
10 0.116403 0.228638 0.066863 0.012850
8 0.275659 0.213110 0.385977 0.014064
6 0.271408 0.038359 0.349559 0.027499
7 0.827275 0.031697 0.344358 0.016086
8 0.685622 0.077937 0.445893 0.022495
0 0.801519 0.688586 0.158957 0.055846
10 0.510676 0.688675 0.198461 0.055958
10 0.801519 0.688586 0.158957 0.055846
10 0.157559 0.188105 0.160112 0.029546
10 0.140231 0.703799 0.124622 0.038729
