6 0.163996 0.036717 0.170237 0.034187
6 0.523385 0.035008 0.214372 0.026210
6 0.904841 0.030450 0.040983 0.017093
10 0.498952 0.073753 0.868523 0.046722
10 0.495800 0.121045 0.855913 0.047861
10 0.496588 0.168906 0.857490 0.050141
10 0.401224 0.209930 0.521745 0.025070
10 0.509986 0.242407 0.830693 0.055838
10 0.495012 0.290269 0.844879 0.055838
8 0.389402 0.334142 0.482338 0.020512
10 0.506834 0.358072 0.717202 0.027349
10 0.268029 0.387701 0.236440 0.025070
10 0.348419 0.413911 0.390914 0.025070
10 0.466639 0.441260 0.624202 0.022791
10 0.467427 0.469749 0.632083 0.022791
10 0.513094 0.518173 0.825964 0.070653
10 0.534373 0.627570 0.874829 0.148142
10 0.526492 0.728421 0.855913 0.046722
8 0.542254 0.768875 0.783405 0.027349
10 0.523339 0.824713 0.855913 0.093444
10 0.524916 0.905052 0.865371 0.074071
