6 0.177127 0.056263 0.139644 0.014290
6 0.537220 0.055164 0.191422 0.018687
6 0.916925 0.055164 0.025104 0.016489
8 0.514469 0.075500 0.058054 0.024183
8 0.513685 0.107928 0.520918 0.027481
10 0.530159 0.155744 0.867674 0.070351
10 0.113582 0.206859 0.047071 0.018687
10 0.163006 0.232142 0.130230 0.020886
10 0.151238 0.256325 0.100418 0.016489
10 0.125349 0.281058 0.064330 0.021985
10 0.123780 0.305241 0.054916 0.017588
10 0.859656 0.309088 0.080021 0.025283
8 0.513685 0.342065 0.473847 0.025283
4 0.415620 0.367898 0.557006 0.024183
4 0.459028 0.398321 0.630750 0.020886
4 0.360963 0.421405 0.428345 0.020886
4 0.526496 0.454932 0.759411 0.048367
4 0.517082 0.494505 0.740583 0.028580
4 0.501392 0.521986 0.706064 0.028580
8 0.508452 0.547268 0.171024 0.021985
9 0.506883 0.579146 0.823741 0.037374
10 0.185232 0.639604 0.202405 0.024183
8 0.503745 0.694566 0.287133 0.026382
10 0.505314 0.720948 0.723323 0.026382
9 0.506099 0.785803 0.837863 0.063756
10 0.505314 0.869345 0.836294 0.107725
5 0.153067 0.935300 0.134937 0.024183
