6 0.511576 0.057530 0.350195 0.028300
6 0.107813 0.059228 0.035179 0.020376
6 0.856174 0.056964 0.153510 0.024904
6 0.529965 0.090359 0.802730 0.041884
8 0.295703 0.133941 0.439742 0.027168
10 0.555550 0.172995 0.754758 0.048676
8 0.204556 0.217144 0.244657 0.023772
4 0.539560 0.285630 0.799532 0.110937
4 0.538760 0.417509 0.794735 0.155085
8 0.230941 0.515428 0.284633 0.022640
4 0.536362 0.575990 0.789937 0.091693
4 0.540359 0.643344 0.797933 0.052072
0 0.553951 0.694285 0.751560 0.054336
10 0.510777 0.761073 0.857098 0.067920
4 0.537961 0.831824 0.805928 0.069052
5 0.874564 0.947855 0.145515 0.018112
