10 0.457015 0.086237 0.818774 0.045320
10 0.441881 0.170943 0.809693 0.113300
10 0.440367 0.284782 0.782451 0.101430
8 0.209567 0.443941 0.332958 0.029134
10 0.463826 0.377580 0.829368 0.075533
10 0.437340 0.501670 0.788505 0.077691
10 0.435827 0.590152 0.776397 0.077691
10 0.436584 0.703992 0.786992 0.128407
8 0.251187 0.791934 0.431332 0.032371
10 0.467609 0.836175 0.861150 0.056110
5 0.436584 0.905234 0.060538 0.015107
6 0.445664 0.040917 0.078699 0.025897
6 0.116988 0.053590 0.166479 0.023739
6 0.928195 0.036865 0.057511 0.018344
5 0.790471 0.870968 0.042376 0.016186
