6 0.123435 0.036238 0.037469 0.018178
6 0.516860 0.036238 0.337222 0.022722
6 0.862669 0.036806 0.145193 0.023858
4 0.521544 0.069185 0.814953 0.043172
4 0.518422 0.119742 0.814953 0.053397
10 0.520764 0.183365 0.819636 0.067031
10 0.519202 0.240738 0.816514 0.052261
4 0.519202 0.294136 0.819636 0.049989
4 0.519983 0.346965 0.827442 0.051125
10 0.517641 0.401498 0.822759 0.053397
10 0.514519 0.453759 0.822759 0.057942
8 0.546523 0.497500 0.084305 0.015906
8 0.544182 0.527039 0.173295 0.024994
10 0.516080 0.604862 0.825881 0.069303
10 0.515299 0.678710 0.824320 0.076120
10 0.516860 0.752557 0.830565 0.069303
10 0.516860 0.812203 0.830565 0.049989
10 0.514519 0.862192 0.829004 0.052261
8 0.546524 0.908773 0.096795 0.020450
8 0.550427 0.932631 0.582332 0.018178
