10 0.520655 0.546619 0.793614 0.117560
9 0.520195 0.272913 0.793282 0.062140
9 0.520612 0.147283 0.793888 0.108683
5 0.905194 0.964672 0.021629 0.008841
8 0.158007 0.451167 0.131435 0.009499
9 0.520402 0.763826 0.795167 0.240467
10 0.506703 0.411107 0.557087 0.011460
8 0.189701 0.223401 0.195759 0.011605
4 0.504375 0.332601 0.825985 0.026761
4 0.504148 0.625185 0.824603 0.011592
4 0.354004 0.075764 0.524268 0.011969
8 0.360044 0.473003 0.537249 0.011624
4 0.360044 0.473003 0.537249 0.011624
8 0.504148 0.625185 0.824603 0.011592
8 0.354004 0.075764 0.524268 0.011969
10 0.135948 0.361709 0.036801 0.015799
8 0.157066 0.411558 0.108473 0.018269
7 0.350371 0.031677 0.703687 0.023642
6 0.711254 0.055856 0.115427 0.020418
6 0.853104 0.055319 0.137678 0.019343
