6 0.187518 0.058753 0.163179 0.026386
6 0.553102 0.055312 0.210250 0.019503
6 0.930454 0.052444 0.039226 0.011472
10 0.531135 0.092022 0.837863 0.044741
10 0.524075 0.142499 0.817465 0.051624
10 0.482495 0.186667 0.624474 0.025239
10 0.533489 0.228540 0.826879 0.049330
10 0.534273 0.280164 0.831586 0.049330
10 0.395414 0.327200 0.434622 0.024091
10 0.386785 0.355306 0.417362 0.022944
10 0.539765 0.396606 0.855122 0.045888
10 0.532704 0.446509 0.841001 0.047035
10 0.389923 0.492398 0.423638 0.028680
10 0.278521 0.524519 0.207112 0.030975
10 0.524859 0.563524 0.859829 0.051624
10 0.529566 0.626047 0.872381 0.066538
10 0.535058 0.701189 0.820603 0.067685
10 0.549964 0.783788 0.850415 0.090629
10 0.552317 0.860651 0.861398 0.056213
10 0.549179 0.900230 0.748428 0.022944
10 0.560162 0.940956 0.873950 0.053919
