6 0.122504 0.073550 0.038665 0.019484
6 0.521791 0.069762 0.325676 0.018402
6 0.833340 0.064891 0.127891 0.021649
10 0.495767 0.108189 0.758423 0.049793
10 0.500972 0.201281 0.783704 0.097422
10 0.506920 0.308986 0.771807 0.074690
10 0.509894 0.392877 0.789652 0.047628
10 0.507664 0.461614 0.785191 0.050876
10 0.508407 0.532515 0.777755 0.054123
10 0.511382 0.619112 0.786678 0.075772
10 0.519561 0.724111 0.788165 0.103917
10 0.515843 0.818827 0.780729 0.059536
5 0.842262 0.915707 0.136814 0.019484
