10 0.496119 0.894804 0.826114 0.072155
10 0.528012 0.355830 0.761258 0.124248
10 0.496167 0.828535 0.826627 0.041880
10 0.528854 0.481129 0.762798 0.053889
9 0.511597 0.221813 0.794491 0.062097
10 0.457881 0.522980 0.620753 0.011947
9 0.511246 0.678068 0.795028 0.121921
5 0.093866 0.965414 0.021954 0.010306
8 0.148808 0.136383 0.131642 0.011356
8 0.495444 0.592629 0.826804 0.027761
8 0.364934 0.279231 0.565064 0.012032
8 0.329897 0.434370 0.429429 0.011792
6 0.270978 0.031572 0.349292 0.010387
8 0.495178 0.777823 0.825767 0.042261
7 0.827436 0.031948 0.344579 0.015674
8 0.495995 0.164549 0.827285 0.026921
4 0.495995 0.164549 0.827285 0.026921
4 0.507740 0.655213 0.785765 0.073497
6 0.160920 0.047940 0.126185 0.012448
8 0.146825 0.094619 0.100679 0.020746
10 0.456246 0.097213 0.483261 0.021784
10 0.527552 0.552190 0.768461 0.034016
