6 0.105347 0.035861 0.029528 0.018063
6 0.497760 0.036425 0.338797 0.028224
6 0.832672 0.044328 0.138316 0.028224
4 0.279408 0.064649 0.383866 0.030482
4 0.493875 0.104162 0.815909 0.048545
4 0.340795 0.144240 0.391636 0.029353
4 0.497760 0.187704 0.820571 0.048545
4 0.503977 0.237943 0.833004 0.051932
4 0.516410 0.281407 0.764623 0.030482
4 0.485327 0.323743 0.820571 0.045158
4 0.487659 0.371159 0.828342 0.051932
4 0.519518 0.414059 0.752191 0.038384
4 0.482996 0.460346 0.825234 0.047416
10 0.481442 0.508890 0.822126 0.045158
4 0.481442 0.557435 0.825234 0.049674
10 0.481442 0.627430 0.828342 0.092574
4 0.480665 0.718875 0.829896 0.088058
4 0.483428 0.801436 0.836113 0.074511
4 0.478766 0.876511 0.826788 0.080155
4 0.509848 0.934088 0.770840 0.032740
5 0.819893 0.960618 0.135208 0.013547
