10 0.128478 0.803616 0.174944 0.253531
10 0.390921 0.303056 0.112983 0.178222
4 0.616509 0.190682 0.140113 0.117298
4 0.608854 0.284776 0.125263 0.041875
8 0.100241 0.650139 0.119006 0.028464
8 0.369008 0.187056 0.070162 0.028857
4 0.744503 0.174861 0.094272 0.087386
7 0.766021 0.643443 0.449337 0.573827
8 0.614745 0.113486 0.138841 0.011396
5 0.045073 0.964564 0.008553 0.008288
5 0.953733 0.964516 0.008772 0.008241
6 0.135308 0.031336 0.175098 0.010609
10 0.787346 0.053771 0.061945 0.010243
7 0.902406 0.263459 0.194298 0.309502
10 0.079063 0.046090 0.062919 0.011315
7 0.119471 0.307295 0.240521 0.397148
7 0.346700 0.744549 0.234191 0.414755
7 0.518786 0.031101 0.525849 0.024295
