6 0.179150 0.028896 0.151959 0.021652
6 0.537678 0.028896 0.182034 0.019372
6 0.919158 0.031744 0.036407 0.018233
8 0.516309 0.054536 0.075979 0.022791
8 0.520266 0.086443 0.191531 0.031908
10 0.510769 0.133735 0.831025 0.069513
10 0.513935 0.208376 0.837357 0.075211
10 0.513143 0.272761 0.835774 0.051280
4 0.513935 0.321192 0.837357 0.045582
10 0.515518 0.393554 0.837357 0.101421
4 0.304200 0.459078 0.319747 0.031908
10 0.510769 0.502381 0.837357 0.045582
10 0.513935 0.561069 0.843688 0.076350
10 0.514726 0.623744 0.848437 0.044443
10 0.509977 0.692687 0.838939 0.102560
10 0.513935 0.779294 0.850020 0.070653
4 0.389638 0.833307 0.492283 0.034187
4 0.505190 0.874900 0.834191 0.039885
4 0.507565 0.927320 0.842105 0.060396
