9 0.499405 0.568909 0.833838 0.128707
9 0.499174 0.247165 0.835150 0.203377
9 0.499007 0.740580 0.835121 0.128526
9 0.499306 0.420200 0.835104 0.090531
7 0.112791 0.051106 0.092193 0.072708
8 0.261751 0.365840 0.358822 0.015317
8 0.204071 0.495979 0.242765 0.014745
10 0.834735 0.666957 0.150928 0.013830
8 0.237889 0.667921 0.310344 0.015192
10 0.839763 0.495376 0.151217 0.013550
6 0.805469 0.051020 0.267529 0.039477
10 0.841093 0.135485 0.150450 0.013287
10 0.841119 0.364868 0.150619 0.012847
8 0.222094 0.136291 0.279044 0.014822
5 0.500549 0.975152 0.060433 0.029717
