6 0.166027 0.034220 0.161505 0.026491
6 0.530614 0.038828 0.203081 0.019580
6 0.917587 0.038828 0.030382 0.017277
10 0.560009 0.074965 0.751560 0.035705
10 0.541620 0.111822 0.714781 0.024187
10 0.505641 0.151558 0.841107 0.041464
8 0.532825 0.216634 0.127925 0.026491
8 0.531226 0.242549 0.175897 0.027643
8 0.532026 0.275374 0.177496 0.024187
8 0.329744 0.304169 0.386973 0.019580
10 0.506441 0.342177 0.871490 0.038009
10 0.502443 0.398039 0.857098 0.064499
10 0.502443 0.457931 0.847504 0.043768
10 0.529627 0.499971 0.780343 0.021884
8 0.533625 0.551225 0.078354 0.032250
8 0.533625 0.581747 0.196685 0.026491
8 0.365723 0.612269 0.484516 0.023036
10 0.502859 0.660457 0.861895 0.064500
10 0.499661 0.717470 0.849103 0.040312
10 0.503659 0.765845 0.853900 0.047223
10 0.502060 0.824009 0.847504 0.064500
10 0.541237 0.875839 0.788338 0.025339
10 0.535640 0.925366 0.789937 0.062196
