6 0.760310 0.068331 0.049176 0.031308
10 0.513584 0.088802 0.491757 0.036124
10 0.416928 0.129140 0.295054 0.025287
10 0.544107 0.173693 0.559585 0.059003
10 0.766245 0.256779 0.217051 0.116801
10 0.422015 0.219451 0.305228 0.015654
10 0.511888 0.242329 0.491757 0.018062
10 0.486452 0.265810 0.447668 0.019266
10 0.505953 0.289893 0.483278 0.019266
10 0.555977 0.326017 0.586716 0.052982
10 0.421168 0.362141 0.317098 0.019266
10 0.506801 0.381407 0.488365 0.019266
10 0.525454 0.420542 0.518888 0.061411
10 0.530541 0.477738 0.535845 0.038532
10 0.444908 0.529516 0.354404 0.048166
10 0.537324 0.576478 0.542628 0.048166
10 0.488996 0.635480 0.462929 0.055390
10 0.632284 0.671605 0.366274 0.021674
10 0.539020 0.755292 0.573151 0.140884
