8 0.495796 0.080573 0.446992 0.030817
8 0.189216 0.132576 0.239282 0.026965
10 0.531522 0.196135 0.774344 0.089882
10 0.537338 0.263546 0.762712 0.042373
8 0.308857 0.314908 0.468594 0.024397
10 0.186723 0.341872 0.221004 0.019260
10 0.530691 0.378467 0.779329 0.041089
4 0.247375 0.427260 0.202725 0.015408
4 0.329628 0.445236 0.370555 0.020544
4 0.346245 0.464497 0.407112 0.015408
4 0.237404 0.483757 0.186108 0.015408
10 0.530691 0.538328 0.772682 0.055213
10 0.530691 0.607024 0.769359 0.077042
8 0.199186 0.670583 0.245929 0.021828
10 0.532353 0.716808 0.776005 0.062917
10 0.295563 0.774589 0.438684 0.021828
10 0.530691 0.818888 0.779329 0.059065
10 0.529030 0.865113 0.782652 0.038521
10 0.411050 0.912622 0.526753 0.020544
5 0.499950 0.951143 0.149551 0.030817
5 0.792406 0.940229 0.119641 0.042373
