10 0.531522 0.089561 0.764373 0.046225
8 0.207494 0.137712 0.255899 0.021828
4 0.461731 0.178159 0.624792 0.020544
4 0.266484 0.204481 0.230974 0.016692
4 0.456746 0.223100 0.611499 0.020544
4 0.263160 0.265473 0.240944 0.020544
4 0.448438 0.284733 0.555002 0.023112
4 0.542323 0.313624 0.746095 0.034669
4 0.544816 0.370121 0.744433 0.073190
4 0.548139 0.444594 0.741110 0.073190
4 0.539830 0.492103 0.721170 0.016692
4 0.359538 0.509438 0.367232 0.023112
4 0.549801 0.557589 0.747757 0.073190
4 0.267315 0.623074 0.245929 0.016692
4 0.449269 0.641692 0.556663 0.017976
4 0.543154 0.672509 0.741110 0.038521
4 0.418528 0.700116 0.498504 0.021828
4 0.418528 0.721302 0.498504 0.017976
4 0.542323 0.787429 0.746095 0.119414
10 0.309688 0.865113 0.470256 0.020544
10 0.533184 0.898498 0.771020 0.038521
5 0.499119 0.953069 0.078099 0.032101
