6 0.165618 0.110290 0.140072 0.019087
6 0.511579 0.067940 0.025314 0.025052
6 0.970610 0.076291 0.048941 0.034596
6 0.463482 0.116255 0.135009 0.019087
6 0.763034 0.118044 0.126571 0.027438
8 0.530143 0.146675 0.504597 0.022666
8 0.503985 0.165166 0.276769 0.016701
10 0.485421 0.194394 0.772928 0.027438
10 0.318347 0.227200 0.452281 0.021473
10 0.791723 0.229586 0.163699 0.026245
10 0.520861 0.258217 0.087756 0.028631
10 0.354631 0.292813 0.521473 0.028631
10 0.790879 0.296988 0.172137 0.025052
3 0.204307 0.355307 0.214327 0.027438
10 0.598365 0.355904 0.560288 0.023859
10 0.137646 0.385131 0.084381 0.025052
10 0.432978 0.403622 0.452281 0.016701
10 0.497108 0.422709 0.158636 0.019087
10 0.206838 0.465059 0.212639 0.017894
10 0.462512 0.465656 0.258205 0.016701
10 0.443104 0.481761 0.216015 0.015508
10 0.493733 0.497866 0.313896 0.019087
10 0.493733 0.516953 0.310521 0.019087
10 0.198400 0.545584 0.219390 0.023859
10 0.452386 0.545584 0.237954 0.019087
10 0.459136 0.564075 0.254830 0.015508
10 0.486138 0.593899 0.305458 0.020280
10 0.511452 0.614180 0.349336 0.017894
10 0.516515 0.642214 0.366212 0.016701
10 0.453230 0.658916 0.246392 0.011930
10 0.460824 0.676214 0.261580 0.015508
10 0.464199 0.692319 0.268331 0.016701
10 0.474325 0.724528 0.288582 0.023859
10 0.541830 0.768072 0.663233 0.022666
8 0.503858 0.788352 0.131634 0.017894
10 0.510609 0.851579 0.823556 0.099016
