10 0.533184 0.096623 0.777667 0.065485
8 0.291409 0.158898 0.433699 0.023112
10 0.531522 0.208333 0.764373 0.060349
8 0.298887 0.262262 0.292456 0.024396
4 0.531522 0.295005 0.767697 0.033385
4 0.292240 0.323254 0.285809 0.017976
4 0.283101 0.341872 0.267531 0.019260
4 0.339598 0.360490 0.383848 0.017976
4 0.274792 0.377183 0.247591 0.017976
10 0.534845 0.425334 0.764373 0.078326
4 0.376155 0.473485 0.453639 0.015408
4 0.496627 0.491461 0.694583 0.020544
8 0.242389 0.523562 0.206049 0.020544
9 0.540661 0.599961 0.752742 0.111710
10 0.534015 0.710388 0.772682 0.078326
9 0.523214 0.858051 0.774344 0.106574
8 0.253190 0.790639 0.204387 0.020544
5 0.496627 0.953711 0.066467 0.041089
5 0.856381 0.938944 0.114656 0.039805
