6 0.805827 0.055941 0.091164 0.029462
8 0.761845 0.099001 0.163135 0.031728
8 0.563524 0.121097 0.467013 0.021530
8 0.566723 0.140361 0.476609 0.023796
10 0.562724 0.169822 0.273491 0.019263
8 0.390793 0.193052 0.214314 0.022663
10 0.438774 0.220247 0.319872 0.022663
10 0.747450 0.221381 0.121551 0.015864
10 0.574719 0.245177 0.092763 0.020397
10 0.443572 0.268406 0.332667 0.023796
10 0.753848 0.268973 0.153539 0.022663
8 0.557126 0.311466 0.553379 0.021530
4 0.573120 0.349426 0.537385 0.038527
4 0.570721 0.392485 0.535786 0.047592
4 0.571521 0.442344 0.537385 0.047592
4 0.571521 0.489369 0.537385 0.048725
4 0.569122 0.540361 0.542183 0.053258
8 0.558726 0.593618 0.121551 0.023796
10 0.553128 0.631012 0.570972 0.046459
10 0.742652 0.662740 0.198321 0.014731
10 0.806627 0.683137 0.054378 0.016997
10 0.722660 0.709199 0.225510 0.026062
3 0.363604 0.729596 0.191923 0.023796
10 0.557926 0.770389 0.231907 0.019263
