6 0.805162 0.049143 0.074811 0.029462
10 0.584709 0.139794 0.515718 0.122380
10 0.580730 0.237245 0.520493 0.054391
10 0.580730 0.301834 0.523677 0.058924
10 0.441454 0.350559 0.232392 0.018130
10 0.478063 0.368689 0.311978 0.020397
10 0.585094 0.420062 0.525269 0.090652
10 0.581115 0.503915 0.517310 0.065722
10 0.579523 0.567938 0.520493 0.053258
10 0.581115 0.631394 0.523677 0.060057
10 0.577931 0.695416 0.523677 0.056657
10 0.579523 0.778136 0.520493 0.095184
5 0.552464 0.863122 0.030243 0.015864
