6 0.923794 0.019517 0.038462 0.027327
8 0.535974 0.075310 0.378205 0.022773
8 0.532769 0.107192 0.349359 0.025050
8 0.535172 0.134519 0.517628 0.025050
8 0.533570 0.175509 0.258013 0.022773
8 0.243506 0.211376 0.216346 0.021634
10 0.385333 0.239842 0.490385 0.021634
4 0.298794 0.267738 0.214744 0.020495
4 0.323634 0.295635 0.251603 0.019357
4 0.350076 0.321823 0.307692 0.023911
4 0.719467 0.268308 0.322115 0.026188
4 0.721070 0.296204 0.328526 0.022773
4 0.716262 0.321823 0.328526 0.023911
10 0.358890 0.350858 0.360577 0.020495
10 0.411775 0.374769 0.459936 0.022773
8 0.532769 0.499449 0.105769 0.019357
10 0.319628 0.543856 0.384615 0.058070
10 0.412576 0.609896 0.576923 0.026188
10 0.326839 0.673659 0.408654 0.058070
10 0.324435 0.753932 0.391026 0.056931
10 0.301198 0.836483 0.344551 0.058070
0 0.306006 0.919603 0.354167 0.076288
