4 0.536507 0.087635 0.767697 0.037237
4 0.535676 0.123588 0.766035 0.037237
4 0.332951 0.151836 0.363908 0.019260
4 0.533184 0.180085 0.771020 0.032101
4 0.456746 0.207691 0.614822 0.023112
8 0.256514 0.247496 0.370555 0.025681
10 0.531522 0.312339 0.777667 0.093734
10 0.531522 0.478621 0.774344 0.213148
10 0.455916 0.617938 0.619807 0.024397
8 0.285593 0.668015 0.432037 0.026965
4 0.293071 0.694337 0.300764 0.025681
4 0.535676 0.748909 0.766035 0.073190
4 0.534845 0.806690 0.767697 0.037237
4 0.539830 0.844569 0.761050 0.033385
4 0.538169 0.891436 0.771020 0.062917
5 0.500781 0.949859 0.131273 0.033385
5 0.887953 0.950501 0.121303 0.044941
