6 0.806137 0.048242 0.081437 0.034159
8 0.752644 0.086386 0.201198 0.023911
8 0.557035 0.117698 0.458283 0.022773
8 0.560229 0.139901 0.285828 0.019357
8 0.560229 0.172352 0.464671 0.031882
8 0.556237 0.210496 0.111776 0.026188
8 0.557834 0.260596 0.348104 0.021634
10 0.561027 0.327775 0.574850 0.087674
10 0.318313 0.394385 0.083034 0.015941
4 0.572205 0.432529 0.539721 0.053516
4 0.496357 0.496292 0.400798 0.021634
4 0.472405 0.535575 0.346507 0.025050
4 0.567414 0.589090 0.533333 0.052377
4 0.444460 0.654561 0.303393 0.021634
4 0.454041 0.692136 0.319361 0.023911
4 0.569810 0.746790 0.547705 0.060347
5 0.553043 0.861791 0.031936 0.017079
