10 0.500781 0.085067 0.852443 0.042373
4 0.338767 0.121662 0.418744 0.017976
4 0.524044 0.149268 0.792622 0.039805
4 0.442622 0.180727 0.639747 0.017976
10 0.496627 0.259694 0.840811 0.114278
10 0.504104 0.372047 0.845796 0.077042
10 0.403573 0.449088 0.648056 0.025681
4 0.523214 0.484399 0.787637 0.037237
4 0.525706 0.522278 0.792622 0.038521
4 0.523214 0.562083 0.794284 0.038521
10 0.198355 0.612160 0.237620 0.025681
4 0.523214 0.648112 0.787637 0.038521
0 0.519059 0.684707 0.789299 0.039805
4 0.521552 0.731574 0.794284 0.053929
4 0.525706 0.788713 0.792622 0.060349
10 0.500781 0.875385 0.839149 0.077042
5 0.498288 0.953711 0.096378 0.038521
