6 0.808226 0.055501 0.073571 0.035207
10 0.577918 0.106608 0.518193 0.062465
10 0.560325 0.157147 0.470212 0.029529
10 0.583516 0.207687 0.510196 0.057922
10 0.478758 0.276966 0.316673 0.030664
10 0.485155 0.312173 0.323071 0.028393
10 0.579517 0.380884 0.521391 0.093129
10 0.499549 0.450163 0.361455 0.029529
10 0.485155 0.484802 0.342263 0.026122
10 0.577118 0.582474 0.526189 0.153322
10 0.575519 0.697749 0.526189 0.056786
10 0.570721 0.761350 0.519792 0.061329
5 0.546731 0.860725 0.027189 0.017036
