6 0.168389 0.042969 0.129288 0.024110
6 0.468642 0.045380 0.233058 0.019288
6 0.809724 0.049600 0.129288 0.020494
6 0.956023 0.047189 0.040828 0.030138
8 0.526482 0.077929 0.505243 0.019288
8 0.507769 0.100834 0.260277 0.033754
10 0.508620 0.143629 0.537565 0.018083
10 0.485654 0.176781 0.777427 0.021699
10 0.267906 0.209329 0.341932 0.021699
10 0.528183 0.241878 0.093563 0.012055
10 0.797816 0.208124 0.170115 0.019288
10 0.502666 0.291907 0.811450 0.049426
3 0.209216 0.353990 0.221150 0.019288
10 0.597930 0.355196 0.552875 0.021699
10 0.204964 0.386539 0.212644 0.016877
10 0.206665 0.467911 0.222851 0.020494
10 0.522229 0.402813 0.347035 0.018083
10 0.506918 0.420293 0.313012 0.016877
10 0.474596 0.483582 0.251771 0.015672
10 0.538390 0.500459 0.399771 0.013261
10 0.517976 0.513720 0.358943 0.020494
10 0.512022 0.529994 0.323219 0.019288
10 0.475447 0.549885 0.250070 0.015672
10 0.547746 0.580023 0.666852 0.018083
10 0.507769 0.595695 0.130989 0.018083
10 0.484803 0.678875 0.772324 0.119345
10 0.486505 0.774110 0.772324 0.049426
10 0.791862 0.821727 0.253472 0.019288
10 0.796965 0.842221 0.130989 0.016877
