6 0.894147 0.045173 0.043269 0.031961
6 0.794788 0.031129 0.104167 0.023245
6 0.576839 0.037425 0.168269 0.037772
8 0.560012 0.077619 0.381410 0.021308
8 0.560813 0.106190 0.350962 0.018402
8 0.554403 0.131856 0.520833 0.025182
8 0.556807 0.174471 0.259615 0.017433
8 0.262737 0.206432 0.219551 0.019370
10 0.403762 0.233067 0.488782 0.022276
4 0.321230 0.259701 0.208333 0.023245
4 0.342865 0.288272 0.251603 0.024213
4 0.370910 0.311517 0.323718 0.018402
4 0.734692 0.260185 0.339744 0.022276
4 0.741903 0.286335 0.341346 0.016465
4 0.738698 0.311033 0.331731 0.030993
10 0.376519 0.337667 0.331731 0.022276
10 0.431006 0.365754 0.443910 0.026150
8 0.551999 0.482945 0.086538 0.028087
9 0.560813 0.705221 0.841346 0.412591
