6 0.796665 0.056763 0.176707 0.051661
8 0.557090 0.088600 0.513131 0.024028
8 0.558790 0.106021 0.329627 0.022827
8 0.551144 0.121038 0.426476 0.019223
8 0.731249 0.140862 0.198796 0.018021
10 0.383781 0.149872 0.220884 0.019223
10 0.439852 0.166091 0.333025 0.015618
10 0.501020 0.182310 0.458759 0.016820
10 0.350649 0.199731 0.164814 0.025230
10 0.676878 0.214148 0.293946 0.020424
10 0.549444 0.229165 0.073062 0.014417
10 0.443250 0.244183 0.346618 0.015618
10 0.541798 0.265208 0.543715 0.024028
10 0.523108 0.295243 0.502936 0.038445
10 0.518861 0.340896 0.508034 0.045654
10 0.521409 0.384748 0.506335 0.022827
10 0.517161 0.411780 0.508034 0.024028
10 0.508666 0.432804 0.491043 0.018021
10 0.511214 0.455631 0.496140 0.022827
10 0.542648 0.491073 0.467255 0.055265
10 0.410967 0.539129 0.285450 0.016820
10 0.427958 0.562556 0.336424 0.015618
10 0.454294 0.583581 0.378901 0.021625
10 0.541798 0.612415 0.564104 0.021625
10 0.546896 0.639447 0.567502 0.022827
10 0.543498 0.673086 0.557308 0.018021
10 0.585975 0.706726 0.451963 0.034841
10 0.525657 0.763793 0.531821 0.048056
10 0.375286 0.813050 0.231079 0.026431
