6 0.779340 0.041300 0.086228 0.023938
8 0.742614 0.085757 0.169261 0.023938
8 0.537424 0.111405 0.474251 0.022799
8 0.547005 0.130214 0.471058 0.017099
3 0.537424 0.147883 0.273054 0.022799
3 0.539819 0.188920 0.277844 0.020519
10 0.544281 0.168676 0.027146 0.020519
8 0.362245 0.210283 0.212375 0.026218
10 0.347075 0.240491 0.166068 0.018239
10 0.722325 0.241631 0.124551 0.022799
10 0.351067 0.284948 0.186826 0.022799
10 0.550668 0.264999 0.087824 0.019379
10 0.730309 0.286658 0.140519 0.026218
3 0.537095 0.336245 0.201198 0.025078
10 0.537894 0.393241 0.573254 0.059276
10 0.749471 0.447958 0.140519 0.022799
10 0.754261 0.473606 0.124551 0.019379
10 0.669630 0.495264 0.284232 0.026218
10 0.716736 0.519203 0.202794 0.019379
10 0.537095 0.542001 0.344910 0.023938
10 0.538692 0.567080 0.213972 0.014819
