6 0.808246 0.046426 0.089564 0.029462
8 0.761865 0.087786 0.166333 0.021530
10 0.560345 0.112715 0.473411 0.026062
10 0.563544 0.134244 0.476609 0.014731
3 0.560345 0.147842 0.271891 0.014731
10 0.561945 0.169372 0.028788 0.016997
3 0.561945 0.189769 0.275090 0.026062
8 0.382816 0.211298 0.211116 0.021530
10 0.365224 0.243593 0.172731 0.018130
10 0.745072 0.241893 0.119952 0.019263
10 0.573940 0.264556 0.084766 0.021530
10 0.369222 0.289485 0.187125 0.023796
10 0.753868 0.288919 0.147141 0.020397
3 0.561945 0.312148 0.198321 0.021530
10 0.483576 0.334811 0.415834 0.026062
10 0.561145 0.370505 0.570972 0.043059
8 0.557147 0.428862 0.086365 0.021530
10 0.560345 0.489485 0.578968 0.092918
10 0.767831 0.591356 0.143942 0.023796
10 0.729446 0.616851 0.207917 0.018130
10 0.737443 0.637815 0.201519 0.019263
10 0.559914 0.682574 0.223910 0.018130
