6 0.919096 0.050692 0.040632 0.038445
6 0.168248 0.065109 0.137133 0.021625
6 0.465370 0.067511 0.138826 0.021625
6 0.756567 0.068713 0.128668 0.026431
8 0.514468 0.095744 0.494357 0.018021
8 0.498384 0.112564 0.269188 0.018021
10 0.482300 0.145002 0.758466 0.015618
10 0.327391 0.173235 0.435102 0.021625
10 0.517854 0.205673 0.084650 0.026431
10 0.772651 0.177440 0.154063 0.022827
10 0.356172 0.236910 0.502822 0.019223
10 0.776037 0.236910 0.157449 0.024028
10 0.439975 0.281362 0.677202 0.052862
3 0.206341 0.331221 0.216705 0.018021
10 0.592346 0.331821 0.541761 0.024028
10 0.142853 0.360055 0.082957 0.020424
10 0.439129 0.375673 0.455418 0.015618
10 0.500923 0.393694 0.169300 0.018021
10 0.210573 0.439948 0.204854 0.024028
10 0.211420 0.516839 0.206547 0.021625
10 0.458598 0.438146 0.253951 0.015618
10 0.500924 0.454966 0.331829 0.018021
10 0.518700 0.468782 0.374154 0.016820
10 0.486533 0.487404 0.306434 0.020424
10 0.491612 0.516839 0.323364 0.019223
10 0.500923 0.534860 0.345373 0.016820
10 0.467063 0.550478 0.277653 0.016820
10 0.531398 0.578711 0.392777 0.018021
10 0.461984 0.596132 0.250565 0.014417
10 0.456905 0.626167 0.257337 0.021625
10 0.533937 0.668817 0.645035 0.022827
8 0.498384 0.687439 0.137133 0.021625
10 0.330337 0.731295 0.215012 0.020424
10 0.497945 0.799174 0.807563 0.081696
10 0.496252 0.868856 0.804177 0.069682
