6 0.219713 0.057811 0.106659 0.019266
6 0.471971 0.060219 0.120203 0.014450
6 0.715763 0.062025 0.103273 0.020470
6 0.827502 0.063831 0.045711 0.050574
8 0.519375 0.085506 0.411400 0.016858
8 0.504138 0.104170 0.218398 0.018062
10 0.481776 0.126753 0.650114 0.019266
10 0.503785 0.165285 0.673816 0.043349
10 0.277769 0.205022 0.221784 0.019266
10 0.519022 0.232717 0.074492 0.019266
10 0.739112 0.206226 0.135440 0.021674
10 0.487701 0.258606 0.651807 0.018062
10 0.504631 0.294128 0.672123 0.031308
3 0.248988 0.325436 0.184537 0.019266
10 0.574044 0.327242 0.468962 0.022879
10 0.193965 0.350121 0.064334 0.015654
10 0.421674 0.351325 0.343680 0.013246
10 0.440297 0.365172 0.380926 0.014450
10 0.251527 0.389857 0.176072 0.020470
10 0.250681 0.416950 0.184538 0.021674
10 0.497859 0.392868 0.252258 0.021674
10 0.530026 0.419359 0.323364 0.016858
10 0.502938 0.431400 0.272574 0.016858
10 0.476697 0.445248 0.220091 0.015654
10 0.539338 0.459095 0.341987 0.016858
10 0.498706 0.484382 0.507901 0.019266
8 0.458920 0.498230 0.106659 0.013246
10 0.486008 0.536762 0.543454 0.034920
10 0.477543 0.577703 0.641649 0.044553
10 0.331098 0.638512 0.199775 0.014450
10 0.317554 0.653564 0.091422 0.015654
10 0.664620 0.643328 0.169300 0.016858
10 0.663774 0.660186 0.191310 0.016858
10 0.648537 0.695709 0.066027 0.042145
10 0.158412 0.854053 0.176072 0.048166
