10 0.533184 0.115241 0.780990 0.100154
10 0.187554 0.192283 0.222665 0.017976
10 0.531522 0.224384 0.771020 0.041089
8 0.242389 0.280239 0.322366 0.032101
10 0.535676 0.317476 0.782652 0.039805
10 0.530691 0.372047 0.776005 0.074474
10 0.529860 0.429186 0.771020 0.032101
10 0.534015 0.465781 0.769359 0.035953
4 0.509089 0.501733 0.729478 0.017976
4 0.531522 0.539612 0.764373 0.052645
4 0.534015 0.585195 0.766035 0.033385
4 0.534845 0.619864 0.771020 0.041089
4 0.534015 0.657743 0.772682 0.037237
10 0.534845 0.717450 0.771020 0.041089
4 0.533184 0.761107 0.771020 0.035953
4 0.533184 0.807332 0.774344 0.056497
4 0.534845 0.855483 0.777667 0.039805
5 0.860535 0.926746 0.116318 0.038521
5 0.499119 0.950501 0.074776 0.037237
