8 0.208325 0.078005 0.117979 0.015408
8 0.548139 0.127440 0.744433 0.080894
8 0.546477 0.208333 0.741110 0.062917
8 0.396095 0.250064 0.530076 0.020544
10 0.545646 0.310413 0.752742 0.095018
10 0.542323 0.388739 0.742772 0.041089
8 0.267315 0.426618 0.255899 0.014124
10 0.544816 0.473485 0.754403 0.077042
10 0.543985 0.546032 0.752742 0.039805
4 0.458408 0.581985 0.551678 0.019260
4 0.545646 0.608950 0.732802 0.037237
4 0.547308 0.660953 0.742772 0.061633
8 0.249867 0.711030 0.214357 0.017976
10 0.544816 0.750835 0.744433 0.056497
8 0.242389 0.795776 0.199402 0.017976
10 0.547308 0.841358 0.756065 0.073190
8 0.243220 0.894646 0.197740 0.023112
5 0.494965 0.948575 0.152875 0.041089
