6 0.183081 0.073024 0.126571 0.016858
6 0.471663 0.076034 0.140072 0.022879
6 0.759401 0.078443 0.121508 0.022879
6 0.916350 0.053156 0.043878 0.032512
8 0.530730 0.103127 0.491096 0.021674
8 0.510478 0.123598 0.258205 0.016858
10 0.473351 0.151895 0.727362 0.022879
10 0.500353 0.200663 0.777990 0.055390
10 0.239616 0.245818 0.256517 0.022879
10 0.527354 0.278330 0.079318 0.022879
10 0.785560 0.248226 0.153573 0.020470
10 0.492758 0.306025 0.749301 0.018062
10 0.340873 0.325893 0.459031 0.021674
3 0.216833 0.355394 0.217702 0.022879
10 0.592328 0.355394 0.533286 0.015654
10 0.159454 0.385498 0.082693 0.022879
10 0.410909 0.399948 0.389839 0.015654
10 0.400783 0.416806 0.376338 0.018062
10 0.214302 0.447511 0.205889 0.019266
10 0.217677 0.508922 0.205889 0.019266
10 0.475882 0.446909 0.270018 0.015654
10 0.459006 0.462563 0.236266 0.015654
10 0.513010 0.479421 0.344273 0.018062
10 0.492758 0.509524 0.317272 0.015654
10 0.526511 0.524576 0.381401 0.014450
10 0.546762 0.555281 0.641294 0.018062
8 0.505415 0.572139 0.126571 0.015654
10 0.365836 0.602081 0.285207 0.024083
10 0.437560 0.625562 0.425279 0.020470
10 0.508439 0.673728 0.695297 0.068636
10 0.251078 0.762834 0.187325 0.018062
10 0.245172 0.780294 0.148510 0.016858
10 0.752300 0.762232 0.200826 0.019266
10 0.751456 0.781498 0.226140 0.016858
10 0.131258 0.835082 0.089444 0.044553
