4 0.534845 0.085067 0.774344 0.037237
4 0.532353 0.121020 0.769359 0.042373
4 0.545646 0.169171 0.742772 0.059065
4 0.544816 0.219248 0.737787 0.041089
10 0.532353 0.310413 0.776005 0.115562
8 0.232419 0.400937 0.312396 0.024397
10 0.532353 0.454224 0.779329 0.077042
10 0.534845 0.538328 0.771020 0.052645
10 0.535676 0.584553 0.769359 0.037237
10 0.536507 0.621790 0.767697 0.037237
9 0.343752 0.668657 0.392157 0.056497
10 0.443453 0.709104 0.591559 0.026965
8 0.195862 0.742488 0.093054 0.016692
9 0.533184 0.799628 0.767697 0.092450
10 0.534845 0.882447 0.780990 0.044941
5 0.495796 0.953069 0.081422 0.037237
