9 0.576528 0.214393 0.758064 0.296183
10 0.826528 0.381314 0.093548 0.027481
10 0.782174 0.443910 0.237097 0.020356
10 0.771690 0.467319 0.280645 0.020356
10 0.266045 0.478006 0.104839 0.029517
10 0.566851 0.530933 0.677419 0.064122
10 0.777335 0.583350 0.053226 0.018321
10 0.774109 0.602179 0.198387 0.013232
10 0.561206 0.636785 0.679032 0.051908
10 0.772496 0.683604 0.050000 0.015267
10 0.774109 0.703960 0.198387 0.017303
10 0.562819 0.728388 0.675806 0.035623
10 0.774109 0.752815 0.050000 0.015267
10 0.798303 0.772154 0.201613 0.021374
