6 0.884949 0.047087 0.062442 0.050459
6 0.506079 0.053695 0.033752 0.020424
6 0.164337 0.096946 0.136697 0.025230
6 0.463045 0.099949 0.150198 0.026431
6 0.762597 0.100550 0.128259 0.022827
8 0.522112 0.128183 0.491096 0.020424
8 0.501016 0.145603 0.266643 0.016820
10 0.474015 0.178041 0.772928 0.024028
10 0.317910 0.208677 0.450593 0.020424
10 0.782848 0.212882 0.168761 0.028834
10 0.519580 0.240514 0.087756 0.024028
10 0.355882 0.271751 0.523161 0.019223
10 0.779473 0.271751 0.162011 0.026431
10 0.445325 0.311998 0.681796 0.039647
3 0.205684 0.352846 0.216015 0.018021
10 0.588772 0.354048 0.543412 0.020424
10 0.142398 0.384083 0.075943 0.015618
10 0.389634 0.397899 0.388151 0.021625
10 0.494266 0.417722 0.165386 0.020424
10 0.203152 0.461574 0.210952 0.021625
10 0.203996 0.543870 0.212639 0.025230
10 0.458826 0.478994 0.263268 0.015618
10 0.478234 0.493411 0.291957 0.018021
10 0.495954 0.511432 0.361150 0.013216
10 0.511142 0.527651 0.374651 0.016820
10 0.497641 0.559489 0.330773 0.015618
10 0.508611 0.575708 0.359462 0.012014
10 0.533081 0.590725 0.401652 0.020424
10 0.479077 0.623764 0.290270 0.021625
10 0.476546 0.653799 0.278456 0.019223
10 0.469796 0.668817 0.261580 0.013216
10 0.457982 0.685036 0.244704 0.016820
10 0.482453 0.701255 0.310521 0.015618
10 0.461357 0.717474 0.261580 0.016820
10 0.463889 0.748110 0.259893 0.018021
10 0.467264 0.763728 0.263268 0.020424
10 0.538988 0.811785 0.653107 0.022827
8 0.500173 0.830406 0.129946 0.019223
10 0.506079 0.885071 0.803305 0.082897
