8 0.848072 0.097265 0.141243 0.033385
8 0.229927 0.122304 0.294118 0.021828
8 0.175922 0.138996 0.186108 0.016692
10 0.501612 0.194851 0.840811 0.077042
10 0.500781 0.268683 0.849119 0.039805
8 0.167614 0.312339 0.172815 0.019260
10 0.499119 0.390665 0.842473 0.119414
10 0.504104 0.510080 0.845796 0.098870
10 0.499119 0.600603 0.839149 0.064201
8 0.301379 0.652607 0.440346 0.024396
10 0.230758 0.682139 0.302426 0.019260
10 0.499119 0.730290 0.842473 0.077042
10 0.500781 0.833654 0.832502 0.098870
5 0.499119 0.948575 0.101363 0.041089
5 0.862197 0.937018 0.122964 0.038521
