6 0.791329 0.068108 0.054378 0.028425
10 0.546627 0.158501 0.562975 0.159181
10 0.545827 0.325641 0.567773 0.129619
10 0.546627 0.437068 0.562975 0.040932
10 0.657783 0.504152 0.097561 0.022740
10 0.713760 0.535419 0.206317 0.014781
10 0.691369 0.554749 0.247901 0.023877
10 0.324316 0.506426 0.115154 0.025014
10 0.427475 0.533714 0.318273 0.018192
10 0.366699 0.554749 0.100760 0.021603
3 0.381093 0.580900 0.228709 0.014781
3 0.378694 0.600229 0.233507 0.019329
10 0.667379 0.681525 0.215914 0.122797
