6 0.193891 0.073626 0.132635 0.018062
6 0.484346 0.073024 0.135993 0.016858
6 0.773961 0.073626 0.120883 0.022879
6 0.906597 0.060983 0.060441 0.031308
8 0.537232 0.104934 0.490247 0.018062
8 0.516246 0.122394 0.260234 0.019266
10 0.500296 0.151895 0.738729 0.022879
10 0.502814 0.198254 0.760555 0.050574
10 0.254333 0.244012 0.253518 0.019266
10 0.790751 0.245818 0.161177 0.020470
10 0.536393 0.274717 0.082268 0.018062
10 0.395363 0.304821 0.542294 0.018062
10 0.304701 0.321679 0.354254 0.015654
10 0.792430 0.307229 0.154462 0.020470
3 0.231667 0.352384 0.201472 0.016858
10 0.602711 0.352384 0.533900 0.016858
10 0.176263 0.384896 0.104094 0.014450
10 0.490222 0.380681 0.382796 0.018062
10 0.585082 0.399346 0.159498 0.014450
10 0.226630 0.428847 0.218261 0.025287
10 0.229149 0.504708 0.209866 0.022879
10 0.534714 0.427041 0.243445 0.016858
10 0.550664 0.446307 0.275344 0.012041
10 0.573329 0.460155 0.324033 0.013246
10 0.554022 0.475206 0.292134 0.016858
10 0.564095 0.507718 0.308923 0.019266
10 0.539751 0.520964 0.263592 0.019266
10 0.569972 0.537821 0.324033 0.016858
10 0.603550 0.568527 0.384475 0.015654
10 0.530517 0.584783 0.235050 0.019266
10 0.558219 0.612478 0.639672 0.016858
8 0.522122 0.628132 0.127599 0.019266
10 0.565774 0.696768 0.641351 0.093923
10 0.564935 0.775639 0.639672 0.063819
10 0.543109 0.822600 0.394548 0.020470
10 0.517925 0.849091 0.344181 0.020470
10 0.292948 0.884613 0.068836 0.014450
10 0.303022 0.901471 0.102415 0.012041
10 0.760530 0.885818 0.231692 0.016858
10 0.745420 0.902675 0.161177 0.019266
