8 0.499950 0.081857 0.245929 0.025681
8 0.184231 0.116525 0.225989 0.023112
10 0.536507 0.228878 0.784314 0.191320
10 0.530691 0.377825 0.769359 0.083462
8 0.155151 0.443952 0.151213 0.025681
10 0.435975 0.485683 0.573280 0.026965
4 0.529860 0.522278 0.771020 0.041089
4 0.530691 0.576207 0.766035 0.046225
4 0.496627 0.621790 0.697906 0.021828
4 0.497458 0.661595 0.699568 0.024396
8 0.235743 0.709104 0.319043 0.029533
4 0.544816 0.758539 0.741110 0.051361
10 0.553124 0.827876 0.727816 0.084746
4 0.546477 0.904276 0.751080 0.044941
5 0.498288 0.951785 0.083084 0.032101
5 0.835610 0.951143 0.116318 0.035953
