6 0.800126 0.050614 0.055978 0.034198
6 0.856903 0.039785 0.057577 0.028498
6 0.744148 0.047194 0.039984 0.036478
8 0.742549 0.088802 0.174330 0.026218
8 0.558622 0.126989 0.446222 0.027358
8 0.554624 0.150928 0.252699 0.015959
8 0.549826 0.180566 0.505398 0.029638
10 0.551425 0.211344 0.383846 0.018239
10 0.551425 0.229013 0.191923 0.017099
8 0.549026 0.259791 0.273491 0.021659
8 0.555424 0.291709 0.097561 0.023938
8 0.551425 0.358394 0.278289 0.031918
10 0.548191 0.491818 0.558177 0.090054
10 0.548191 0.631459 0.570972 0.125392
10 0.549791 0.762551 0.564574 0.134511
5 0.548191 0.857735 0.027189 0.014819
