10 0.496627 0.170455 0.850781 0.151515
10 0.494134 0.325180 0.852443 0.160503
10 0.529030 0.434964 0.772682 0.059065
10 0.497458 0.514574 0.845796 0.097586
10 0.498288 0.616654 0.857428 0.096302
10 0.529030 0.689201 0.776005 0.035953
10 0.330459 0.720660 0.375540 0.029533
8 0.174261 0.766243 0.186108 0.025681
4 0.456746 0.794491 0.614822 0.023112
4 0.517398 0.818246 0.736125 0.021828
4 0.411881 0.838790 0.531738 0.016692
4 0.533184 0.866397 0.774344 0.035953
4 0.388617 0.895288 0.491858 0.024396
5 0.502443 0.951143 0.134596 0.035953
5 0.846411 0.937660 0.127950 0.032101
