6 0.188125 0.094080 0.130361 0.016844
6 0.465778 0.093478 0.123589 0.015640
6 0.742584 0.094080 0.125282 0.019250
6 0.874638 0.079643 0.064334 0.038500
8 0.531805 0.122955 0.482506 0.016844
8 0.509796 0.138595 0.255644 0.019250
10 0.491173 0.171681 0.726299 0.020453
10 0.335416 0.201157 0.424944 0.019250
10 0.777290 0.199954 0.154063 0.019250
10 0.524186 0.231235 0.074492 0.016844
10 0.375202 0.259508 0.490971 0.020453
10 0.778137 0.258907 0.162528 0.019250
10 0.518261 0.299812 0.780475 0.036093
3 0.224524 0.338312 0.209933 0.019250
10 0.590213 0.336507 0.514673 0.018047
10 0.167809 0.365984 0.079571 0.019250
10 0.453080 0.378015 0.460497 0.016844
10 0.470010 0.398468 0.148984 0.019250
10 0.227910 0.426741 0.193003 0.018047
10 0.227064 0.499529 0.198082 0.021656
10 0.488633 0.439374 0.284425 0.014437
10 0.473396 0.455014 0.243793 0.016844
10 0.474243 0.470655 0.242100 0.016844
10 0.503024 0.486897 0.303048 0.015640
10 0.464931 0.516373 0.233635 0.014437
10 0.478475 0.530209 0.264109 0.018047
10 0.482708 0.546451 0.265802 0.016844
10 0.503024 0.559685 0.316592 0.014437
10 0.497945 0.589763 0.306434 0.016844
10 0.514028 0.607208 0.325057 0.018047
10 0.544502 0.649317 0.616254 0.022859
8 0.511489 0.665559 0.126975 0.016844
10 0.515721 0.730527 0.772010 0.091437
10 0.756128 0.823769 0.152370 0.018047
10 0.756974 0.840011 0.177766 0.014437
10 0.227064 0.820761 0.123589 0.019250
10 0.229603 0.839409 0.189617 0.015641
