6 0.790864 0.070951 0.065469 0.025014
8 0.551343 0.088575 0.346507 0.017055
8 0.548948 0.106198 0.319361 0.018192
8 0.552142 0.124390 0.472655 0.018192
8 0.378090 0.147131 0.207585 0.011370
10 0.398050 0.162480 0.250699 0.014781
10 0.560126 0.186357 0.083034 0.017055
10 0.429986 0.209098 0.320958 0.014781
8 0.541762 0.239228 0.103792 0.015918
10 0.742960 0.210235 0.138922 0.017055
10 0.734177 0.160775 0.134132 0.018192
10 0.701443 0.216488 0.221956 0.150085
10 0.542561 0.308586 0.568463 0.088687
10 0.545754 0.398978 0.562076 0.089824
10 0.544956 0.518364 0.554092 0.139852
10 0.543359 0.622969 0.560479 0.064810
10 0.761323 0.666744 0.121357 0.020466
8 0.350944 0.688916 0.175649 0.017055
10 0.540166 0.743492 0.560479 0.080728
10 0.760525 0.804891 0.110180 0.023877
