6 0.775336 0.080047 0.054378 0.034110
8 0.556223 0.101650 0.339064 0.018192
8 0.554624 0.120411 0.323071 0.017055
8 0.554624 0.136329 0.473411 0.021603
8 0.367499 0.155090 0.191923 0.018192
10 0.397087 0.174987 0.247901 0.017055
10 0.736951 0.175556 0.131148 0.022740
10 0.433073 0.219899 0.316673 0.018192
10 0.564220 0.195453 0.086365 0.019329
10 0.748147 0.221605 0.137545 0.017055
8 0.556223 0.247187 0.134346 0.022740
10 0.550626 0.420013 0.567773 0.300171
10 0.664980 0.588859 0.095962 0.023877
10 0.733752 0.620127 0.179128 0.018192
10 0.668978 0.635476 0.315074 0.017055
3 0.364300 0.679820 0.198321 0.026151
10 0.584212 0.729848 0.206317 0.123934
