4 0.542323 0.099833 0.746095 0.046225
4 0.546477 0.156330 0.747757 0.041089
4 0.546477 0.208975 0.741110 0.041089
4 0.545646 0.257768 0.742772 0.041089
4 0.289747 0.298857 0.224327 0.020544
4 0.561432 0.328390 0.704553 0.035953
4 0.561432 0.368195 0.704553 0.038521
4 0.544816 0.419556 0.747757 0.041089
4 0.543985 0.470917 0.742772 0.041089
4 0.557278 0.508154 0.709538 0.033385
4 0.560601 0.544106 0.706215 0.035953
10 0.559771 0.601888 0.714523 0.077042
4 0.543985 0.666731 0.749418 0.034669
4 0.561432 0.703326 0.717846 0.033385
4 0.465055 0.728364 0.525091 0.019260
4 0.562263 0.756613 0.709538 0.037237
4 0.561432 0.791923 0.704553 0.041089
10 0.562263 0.862545 0.706215 0.102722
5 0.499950 0.952427 0.073114 0.033385
