10 0.546477 0.115883 0.754403 0.093734
4 0.392772 0.177517 0.423729 0.021828
4 0.503273 0.198061 0.641409 0.019260
4 0.396095 0.219890 0.430376 0.019260
10 0.549801 0.247496 0.741110 0.035953
8 0.301379 0.279597 0.320705 0.017976
10 0.547308 0.316834 0.742772 0.051361
8 0.346245 0.361132 0.417082 0.016692
10 0.544816 0.399653 0.741110 0.062917
8 0.232419 0.440742 0.189432 0.021828
10 0.543985 0.479263 0.752742 0.057781
4 0.282270 0.526130 0.199402 0.017976
4 0.272300 0.542822 0.179462 0.020544
4 0.534015 0.563367 0.706215 0.020544
4 0.400249 0.583911 0.428714 0.020544
4 0.433483 0.604456 0.498504 0.020544
4 0.302210 0.624358 0.235959 0.019260
4 0.284762 0.642334 0.204387 0.014124
4 0.306364 0.659669 0.250914 0.017976
4 0.309688 0.679571 0.260884 0.021828
4 0.273131 0.700116 0.191093 0.019260
4 0.332120 0.718092 0.312396 0.019260
4 0.541492 0.737994 0.717846 0.020544
4 0.272300 0.757255 0.179462 0.017976
4 0.304703 0.777157 0.244267 0.019260
4 0.297225 0.796418 0.229312 0.019260
4 0.552293 0.845853 0.739448 0.082178
5 0.496627 0.949859 0.159521 0.035953
