6 0.180550 0.075776 0.111383 0.022801
6 0.462381 0.076976 0.128259 0.025201
6 0.754339 0.080576 0.124884 0.025201
6 0.882597 0.050575 0.043878 0.030001
8 0.539168 0.106377 0.484345 0.021601
8 0.513854 0.121978 0.264956 0.016801
10 0.469976 0.155579 0.703735 0.028801
10 0.506259 0.199981 0.783053 0.050402
10 0.249742 0.246783 0.270018 0.021601
10 0.527354 0.277385 0.086068 0.022801
10 0.785560 0.249183 0.153573 0.019201
10 0.489383 0.308586 0.745926 0.015601
10 0.348467 0.326587 0.460719 0.015601
3 0.221896 0.356588 0.204201 0.025201
10 0.588109 0.357788 0.531599 0.022801
10 0.156923 0.388389 0.077630 0.014401
10 0.415128 0.400390 0.378026 0.016801
10 0.421035 0.417790 0.396589 0.015601
10 0.217677 0.449592 0.209264 0.016801
10 0.222740 0.526995 0.199139 0.020401
10 0.480945 0.447792 0.270018 0.018001
10 0.465756 0.463992 0.236266 0.012000
10 0.506259 0.478993 0.313896 0.015601
10 0.515541 0.494594 0.335835 0.015601
10 0.463225 0.524595 0.241329 0.020401
10 0.463225 0.541395 0.244704 0.018001
10 0.495290 0.570197 0.305458 0.018001
10 0.532417 0.586397 0.372963 0.019201
10 0.529886 0.616999 0.378026 0.020401
10 0.474195 0.650000 0.259893 0.019201
10 0.550981 0.679401 0.646357 0.018001
8 0.513010 0.695002 0.128259 0.013201
10 0.502040 0.739404 0.693610 0.049202
10 0.502884 0.784406 0.681796 0.038402
10 0.502884 0.845008 0.691922 0.073203
5 0.516385 0.911611 0.050628 0.014401
