4 0.538169 0.092771 0.771020 0.057781
4 0.535676 0.158898 0.769359 0.077042
4 0.537338 0.216037 0.772682 0.037237
4 0.534015 0.252632 0.766035 0.035953
4 0.533184 0.298857 0.767697 0.053929
4 0.532353 0.355354 0.772682 0.056497
4 0.532353 0.410568 0.779329 0.053929
4 0.528199 0.454866 0.771020 0.037237
4 0.545646 0.494029 0.756065 0.043657
4 0.543154 0.534476 0.754403 0.034669
4 0.542323 0.572355 0.756065 0.035953
8 0.199186 0.620506 0.245929 0.024397
10 0.501612 0.684065 0.837487 0.095018
10 0.503273 0.755971 0.847458 0.038521
10 0.502443 0.829802 0.849119 0.098870
5 0.496627 0.949859 0.129611 0.033385
