6 0.819738 0.052146 0.079840 0.028369
8 0.780616 0.095834 0.174052 0.020426
8 0.580217 0.124203 0.469461 0.018156
8 0.578620 0.140657 0.475848 0.017021
3 0.574628 0.156543 0.279441 0.014752
10 0.577822 0.179238 0.030339 0.012482
3 0.574628 0.196259 0.298603 0.023830
8 0.393391 0.220089 0.213972 0.023830
10 0.379019 0.252430 0.172455 0.020426
10 0.756664 0.251295 0.126148 0.022695
10 0.586604 0.274557 0.079840 0.017021
10 0.379019 0.296685 0.185230 0.022695
10 0.769438 0.296118 0.148503 0.021560
3 0.573830 0.319947 0.207585 0.021560
10 0.475626 0.341508 0.365669 0.021560
10 0.573830 0.410727 0.562076 0.112340
10 0.327123 0.483352 0.075050 0.017021
10 0.572233 0.550869 0.565269 0.120284
8 0.565047 0.623493 0.110180 0.018156
10 0.505167 0.645054 0.437525 0.020426
10 0.491594 0.668884 0.410379 0.018156
10 0.777422 0.714841 0.142116 0.019291
10 0.746285 0.738671 0.229940 0.017021
10 0.748680 0.760231 0.205988 0.023830
10 0.566644 0.807323 0.231537 0.018156
