6 0.851806 0.042398 0.113205 0.035880
9 0.579776 0.178143 0.762024 0.319329
10 0.828152 0.359336 0.086171 0.019136
10 0.775773 0.434085 0.241617 0.020332
10 0.764790 0.454417 0.277100 0.020332
10 0.272263 0.470562 0.099688 0.021528
10 0.564569 0.529166 0.684301 0.071759
10 0.770704 0.583583 0.048999 0.020332
10 0.769014 0.608101 0.201066 0.019136
10 0.562035 0.645775 0.682611 0.060995
10 0.768170 0.694212 0.037172 0.021528
10 0.772394 0.714544 0.201066 0.019136
10 0.556966 0.742650 0.669094 0.039468
10 0.768170 0.771354 0.043930 0.017940
10 0.790980 0.786902 0.194308 0.022724
10 0.562879 0.825771 0.778920 0.055016
10 0.865323 0.900520 0.207825 0.020332
10 0.854341 0.975270 0.219652 0.021528
10 0.515570 0.913676 0.694439 0.075347
