4 0.550631 0.101759 0.746095 0.080894
4 0.534845 0.198061 0.777667 0.111710
4 0.535676 0.280881 0.782652 0.056497
4 0.529860 0.353428 0.777667 0.091166
4 0.532353 0.454866 0.779329 0.111710
4 0.527368 0.549884 0.779329 0.078326
8 0.247375 0.617296 0.338983 0.025681
10 0.537338 0.674435 0.779329 0.083462
10 0.533184 0.754687 0.767697 0.059065
4 0.528199 0.808616 0.764374 0.038521
4 0.530691 0.847779 0.772682 0.037237
4 0.533184 0.886941 0.767697 0.041089
5 0.498288 0.949859 0.139581 0.033385
5 0.869674 0.939586 0.124626 0.041089
