8 0.533647 0.098340 0.343342 0.025618
8 0.547661 0.116971 0.315314 0.018631
6 0.619482 0.128616 0.231230 0.041921
6 0.863851 0.101833 0.166416 0.039592
10 0.552040 0.176359 0.583331 0.086170
10 0.797285 0.155981 0.085836 0.043085
10 0.549413 0.228760 0.357356 0.027947
8 0.361976 0.268934 0.210209 0.022125
10 0.381245 0.299792 0.259258 0.025618
10 0.733346 0.302703 0.147147 0.029112
10 0.421535 0.342877 0.325825 0.020960
10 0.742981 0.345206 0.152402 0.018631
10 0.555544 0.324246 0.089339 0.020960
8 0.537150 0.375482 0.084084 0.023289
10 0.540654 0.394696 0.266265 0.015138
10 0.542406 0.407505 0.550048 0.017467
10 0.530143 0.419732 0.157657 0.016302
8 0.544157 0.442439 0.070070 0.012809
10 0.414528 0.740541 0.686684 0.029112
3 0.470584 0.773729 0.301300 0.027947
3 0.460074 0.805751 0.280279 0.017467
3 0.546785 0.836027 0.467716 0.026783
3 0.468832 0.869215 0.318818 0.034934
10 0.571309 0.479119 0.544793 0.058223
10 0.676414 0.611286 0.225975 0.129255
10 0.527516 0.709683 0.576324 0.020960
