6 0.481784 0.064947 0.039001 0.021570
6 0.900625 0.040980 0.079698 0.040744
10 0.504676 0.126663 0.807159 0.085083
10 0.503828 0.266271 0.802072 0.184547
10 0.504676 0.406478 0.807159 0.083885
10 0.508067 0.486768 0.810550 0.064711
10 0.509763 0.567058 0.800376 0.091075
10 0.359693 0.624579 0.405275 0.014380
10 0.502980 0.687492 0.810550 0.082686
10 0.190969 0.788753 0.139048 0.021570
10 0.211318 0.809125 0.206877 0.019174
10 0.783621 0.793547 0.222138 0.019174
10 0.789556 0.810923 0.179745 0.013182
