6 0.163317 0.045509 0.130831 0.022937
6 0.459811 0.047320 0.227681 0.028973
6 0.797934 0.046112 0.132531 0.024144
8 0.519280 0.078104 0.496140 0.020523
8 0.502289 0.099230 0.275256 0.021730
8 0.521829 0.141483 0.535219 0.024144
10 0.484448 0.175889 0.783289 0.025352
10 0.321334 0.207880 0.460459 0.026559
10 0.794536 0.210898 0.163114 0.020523
10 0.520979 0.239268 0.078159 0.021730
10 0.354466 0.275485 0.519927 0.021730
10 0.793686 0.275485 0.168212 0.024144
3 0.202396 0.323170 0.222583 0.020523
10 0.590642 0.327395 0.557308 0.019316
10 0.200697 0.355162 0.219185 0.024144
10 0.198148 0.419144 0.214088 0.028973
10 0.503988 0.367837 0.339822 0.020523
10 0.466608 0.388964 0.261663 0.021730
10 0.486147 0.435442 0.307539 0.018108
10 0.472554 0.449929 0.290548 0.018108
10 0.476802 0.469244 0.288849 0.015694
10 0.455563 0.484335 0.246371 0.019316
10 0.498891 0.500028 0.326229 0.016901
10 0.507386 0.517533 0.356813 0.015694
10 0.457262 0.535038 0.259964 0.016901
10 0.549864 0.582723 0.679644 0.020523
8 0.509085 0.600832 0.135929 0.015694
10 0.471705 0.680508 0.781590 0.117101
10 0.476802 0.807267 0.784988 0.121930
10 0.485298 0.912899 0.781590 0.070019
