6 0.161812 0.055088 0.141196 0.022905
6 0.466318 0.058102 0.236460 0.021699
6 0.800595 0.059307 0.139495 0.014466
8 0.525008 0.088842 0.503542 0.020494
8 0.501192 0.107528 0.272185 0.014466
10 0.585399 0.154543 0.495036 0.024110
10 0.478849 0.190041 0.787634 0.021699
10 0.318941 0.252125 0.454208 0.020494
10 0.794413 0.252125 0.173518 0.027727
10 0.523079 0.284071 0.100368 0.026521
10 0.357217 0.317222 0.544369 0.025316
10 0.790160 0.317222 0.168414 0.018083
3 0.199860 0.366648 0.219449 0.022905
10 0.589424 0.367854 0.549473 0.020494
10 0.195607 0.414266 0.210943 0.024110
10 0.194757 0.461883 0.219449 0.022905
10 0.438872 0.412457 0.231357 0.015672
10 0.480551 0.429937 0.314713 0.021699
10 0.491608 0.461883 0.316415 0.018083
10 0.501815 0.478760 0.343633 0.020494
10 0.441424 0.511912 0.216047 0.016877
10 0.452481 0.529994 0.244966 0.019288
10 0.538390 0.558324 0.675358 0.022905
8 0.498413 0.575804 0.129288 0.021699
10 0.493309 0.630052 0.850577 0.072330
10 0.496711 0.714437 0.860784 0.098852
10 0.498413 0.811480 0.843772 0.090413
5 0.110550 0.922990 0.040828 0.019288
10 0.730620 0.890441 0.216047 0.016877
10 0.726367 0.906113 0.129288 0.016877
