10 0.221760 0.088441 0.103438 0.020453
6 0.475269 0.090847 0.115308 0.020453
6 0.508335 0.060769 0.032219 0.022859
6 0.801694 0.048738 0.052567 0.037297
6 0.721995 0.086636 0.113613 0.014437
8 0.521901 0.111300 0.408667 0.018047
8 0.504096 0.128144 0.217051 0.018047
10 0.481204 0.154011 0.639284 0.019250
10 0.508335 0.193713 0.676589 0.045718
10 0.276023 0.234018 0.225530 0.015640
10 0.518510 0.258682 0.066133 0.016844
10 0.739800 0.236424 0.135657 0.020453
10 0.485443 0.285752 0.634196 0.018047
10 0.499857 0.318236 0.673198 0.037297
3 0.257370 0.354329 0.181441 0.015641
10 0.575316 0.354931 0.454451 0.019250
10 0.198868 0.382001 0.064437 0.015640
10 0.417615 0.378993 0.328968 0.012031
10 0.422702 0.394032 0.332360 0.018047
10 0.252283 0.420500 0.174658 0.015640
10 0.250587 0.486672 0.171267 0.020453
10 0.493922 0.419899 0.250965 0.016844
10 0.481204 0.433735 0.225530 0.010828
10 0.482052 0.447570 0.230617 0.012031
10 0.518510 0.460203 0.296750 0.018047
10 0.521901 0.487875 0.313707 0.013234
10 0.504944 0.498703 0.276401 0.015641
10 0.532923 0.514343 0.328968 0.022859
10 0.497313 0.538406 0.515497 0.018047
8 0.459160 0.552241 0.103438 0.012031
10 0.413376 0.579311 0.391710 0.018047
10 0.475269 0.632850 0.647762 0.067374
10 0.471030 0.700224 0.639284 0.055343
10 0.298067 0.866254 0.150918 0.038500
10 0.122561 0.860840 0.094960 0.042109
