6 0.801214 0.056027 0.081275 0.032908
8 0.684879 0.095743 0.170518 0.023830
8 0.558983 0.123544 0.466932 0.018156
8 0.558983 0.143970 0.466932 0.024965
3 0.558983 0.170636 0.275697 0.019291
10 0.432290 0.224537 0.325100 0.018156
0 0.738266 0.225105 0.127490 0.019291
10 0.567748 0.247232 0.095618 0.022695
10 0.440258 0.270495 0.334661 0.023830
10 0.751812 0.268792 0.151394 0.024965
3 0.556592 0.300566 0.203984 0.024965
10 0.557389 0.343686 0.565737 0.047660
8 0.554999 0.393615 0.086056 0.020426
10 0.553405 0.410069 0.455777 0.019291
3 0.553405 0.456027 0.203984 0.018156
10 0.551015 0.501984 0.565737 0.066950
10 0.553405 0.594466 0.570518 0.113475
8 0.552608 0.665388 0.094024 0.017021
10 0.458585 0.690920 0.278884 0.020426
10 0.761373 0.733473 0.145020 0.019291
10 0.722330 0.759005 0.207171 0.018156
10 0.732688 0.781133 0.205578 0.021560
10 0.548624 0.802693 0.226295 0.023830
