8 0.227434 0.089561 0.292456 0.017976
8 0.854719 0.074153 0.121303 0.023112
10 0.501612 0.128724 0.844134 0.057781
10 0.497458 0.190357 0.845796 0.068053
10 0.495796 0.267399 0.849119 0.068053
10 0.497458 0.359206 0.849119 0.097586
10 0.505766 0.461287 0.845796 0.075758
10 0.517398 0.524204 0.792622 0.044941
8 0.398588 0.584553 0.661349 0.029533
4 0.527368 0.622432 0.802592 0.041089
4 0.428498 0.651965 0.598205 0.017976
4 0.499950 0.669941 0.588235 0.015408
4 0.568079 0.734784 0.721170 0.109142
4 0.521552 0.849063 0.807577 0.109142
5 0.499119 0.951143 0.091393 0.035953
5 0.851396 0.937018 0.111333 0.041089
