9 0.489149 0.227594 0.835826 0.324859
8 0.279777 0.416346 0.407112 0.024396
8 0.248205 0.441384 0.197740 0.017976
10 0.443453 0.463855 0.584912 0.016692
4 0.365354 0.488251 0.432037 0.016692
4 0.360369 0.508154 0.422067 0.017976
10 0.531522 0.571071 0.774344 0.077042
8 0.242389 0.635914 0.186108 0.019260
10 0.532353 0.664805 0.762712 0.038521
4 0.456746 0.700758 0.611499 0.017976
4 0.313842 0.720018 0.322366 0.015408
4 0.498288 0.735426 0.691260 0.020544
4 0.498288 0.753403 0.691260 0.017976
4 0.538169 0.783577 0.764373 0.037237
4 0.344583 0.809900 0.390495 0.020544
4 0.537338 0.837506 0.772682 0.034669
4 0.298887 0.865113 0.299103 0.017976
4 0.429329 0.884373 0.559987 0.017976
4 0.534845 0.911338 0.771020 0.035953
5 0.847242 0.947291 0.129611 0.033385
5 0.497458 0.952427 0.081422 0.033385
