4 0.515736 0.094055 0.802592 0.057781
4 0.518229 0.167244 0.807577 0.093734
4 0.379478 0.225026 0.526753 0.019260
4 0.544816 0.263546 0.751080 0.055213
4 0.544816 0.318760 0.754403 0.057781
4 0.546477 0.375899 0.751080 0.053929
4 0.545646 0.433038 0.752742 0.057781
4 0.516567 0.495313 0.814224 0.033385
4 0.543985 0.569787 0.759388 0.115562
4 0.543154 0.656459 0.747757 0.055213
4 0.546477 0.702684 0.754403 0.034669
4 0.544816 0.741846 0.751080 0.038521
4 0.417697 0.786145 0.609837 0.016692
4 0.542323 0.815036 0.746095 0.038521
4 0.539830 0.853557 0.747757 0.035953
4 0.542323 0.890793 0.756065 0.038521
5 0.497458 0.951143 0.094716 0.035953
