6 0.169195 0.089446 0.119964 0.021625
6 0.518104 0.057608 0.027034 0.020424
6 0.840824 0.090647 0.135171 0.016820
6 0.507966 0.089446 0.192618 0.016820
8 0.540914 0.102661 0.495062 0.016820
8 0.519794 0.121283 0.273720 0.020424
10 0.402364 0.151919 0.535613 0.024028
10 0.796893 0.153120 0.216273 0.021625
10 0.331400 0.184357 0.454511 0.026431
10 0.540069 0.221601 0.084482 0.019223
10 0.807876 0.188562 0.160515 0.025230
10 0.809566 0.251636 0.160515 0.021625
10 0.371951 0.252237 0.535613 0.022827
3 0.217350 0.300894 0.209514 0.021625
10 0.607655 0.302696 0.557579 0.020424
10 0.148075 0.332130 0.070965 0.028834
10 0.491070 0.327925 0.456201 0.020424
10 0.513880 0.350752 0.153757 0.020424
10 0.216505 0.378385 0.217963 0.027632
10 0.505432 0.381989 0.312582 0.022827
10 0.535845 0.412024 0.383546 0.018021
10 0.496984 0.429445 0.302444 0.012014
10 0.474174 0.447466 0.263583 0.019223
10 0.472484 0.478102 0.246686 0.022827
10 0.510501 0.505734 0.329478 0.020424
10 0.521483 0.527960 0.358202 0.021625
10 0.489380 0.559798 0.283858 0.025230
10 0.555276 0.604850 0.672474 0.024028
8 0.514725 0.625274 0.141929 0.019223
10 0.513035 0.714179 0.848195 0.158586
10 0.513035 0.863154 0.841437 0.124947
