6 0.204804 0.075625 0.127599 0.021730
6 0.488543 0.079247 0.221619 0.024144
6 0.811737 0.078040 0.132635 0.016901
6 0.877216 0.051481 0.041973 0.031388
8 0.544788 0.108221 0.478495 0.019316
8 0.532196 0.126329 0.268629 0.016901
10 0.536393 0.172203 0.451632 0.021730
10 0.507012 0.202384 0.738729 0.021730
10 0.266085 0.233168 0.256876 0.020523
10 0.543948 0.263349 0.080589 0.020523
10 0.802503 0.231961 0.161177 0.022937
10 0.524640 0.311638 0.777344 0.049496
3 0.239222 0.373810 0.213224 0.019316
10 0.612784 0.376828 0.520468 0.018108
10 0.241741 0.403990 0.208187 0.024144
10 0.240901 0.467973 0.206508 0.024144
10 0.528838 0.418477 0.298849 0.021730
10 0.535553 0.481253 0.315639 0.016901
10 0.545627 0.496947 0.318997 0.016901
10 0.560737 0.511433 0.366007 0.014487
10 0.501135 0.527127 0.243445 0.016901
10 0.567453 0.574209 0.624562 0.016901
8 0.533875 0.589299 0.120883 0.015694
10 0.500296 0.637588 0.742087 0.054325
10 0.503654 0.712436 0.745445 0.088127
10 0.506172 0.793320 0.737050 0.049496
10 0.508691 0.856699 0.735371 0.048289
