6 0.152347 0.093515 0.139259 0.018151
6 0.490722 0.094811 0.180792 0.015558
6 0.890176 0.095675 0.029318 0.013829
8 0.493165 0.122038 0.676750 0.021608
8 0.140131 0.153586 0.119714 0.013829
4 0.403990 0.168712 0.598570 0.014694
4 0.471177 0.184702 0.730499 0.015558
8 0.198767 0.197235 0.239428 0.012965
8 0.285498 0.210200 0.410448 0.012965
4 0.535309 0.230512 0.743937 0.027659
4 0.533477 0.257306 0.745158 0.027659
10 0.534088 0.292744 0.741493 0.043217
8 0.293438 0.321267 0.431214 0.015558
8 0.282444 0.335096 0.345704 0.015558
4 0.522483 0.354544 0.767146 0.025066
4 0.521872 0.379610 0.768368 0.028523
9 0.278779 0.690770 0.277297 0.552310
9 0.632424 0.682127 0.320052 0.536752
