6 0.163341 0.080117 0.141702 0.017287
6 0.501105 0.080982 0.184457 0.015558
6 0.899948 0.085736 0.024431 0.016422
10 0.553633 0.114691 0.729278 0.048403
4 0.548747 0.153586 0.724391 0.025930
4 0.547525 0.178219 0.726835 0.030252
10 0.498051 0.215386 0.828225 0.033709
4 0.498051 0.270703 0.828225 0.042352
4 0.563405 0.314784 0.690187 0.030252
4 0.425979 0.336393 0.425107 0.014694
4 0.370397 0.348926 0.313944 0.010372
4 0.528591 0.361459 0.627887 0.016422
10 0.496219 0.393439 0.829446 0.044081
7 0.424757 0.652307 0.742715 0.432168
10 0.456518 0.893457 0.781805 0.024201
