6 0.110744 0.071529 0.048260 0.019207
6 0.497575 0.077398 0.384569 0.022409
6 0.836900 0.081133 0.152319 0.021342
9 0.502099 0.159563 0.583639 0.148324
8 0.495313 0.281744 0.099535 0.014939
8 0.496821 0.304686 0.220184 0.016006
8 0.299258 0.322293 0.443385 0.014939
10 0.493050 0.348437 0.830970 0.033079
8 0.107728 0.373513 0.060324 0.014939
4 0.487772 0.402324 0.823429 0.029878
4 0.490788 0.438071 0.829462 0.026677
4 0.487018 0.471684 0.827953 0.034147
10 0.375418 0.499962 0.607769 0.022409
10 0.507377 0.538911 0.711829 0.044817
10 0.520950 0.584795 0.741991 0.046952
10 0.435742 0.620542 0.565542 0.022409
8 0.143168 0.638149 0.158352 0.019207
4 0.274374 0.662158 0.294082 0.018140
4 0.235163 0.680832 0.221692 0.010671
4 0.270604 0.703774 0.286541 0.013872
4 0.257031 0.723515 0.265428 0.017073
4 0.278144 0.745924 0.304639 0.021342
10 0.433480 0.775802 0.745007 0.034147
8 0.208017 0.820620 0.297098 0.017073
4 0.255523 0.843028 0.274476 0.019207
4 0.238179 0.863837 0.122157 0.013872
4 0.243458 0.887312 0.126681 0.020275
4 0.239688 0.909188 0.122157 0.017073
