6 0.159999 0.045073 0.146861 0.025741
6 0.534495 0.043464 0.179171 0.018233
6 0.921475 0.045073 0.033778 0.015016
8 0.507326 0.070814 0.098397 0.017161
8 0.515403 0.122833 0.276099 0.018233
10 0.508794 0.186114 0.794520 0.043975
8 0.441238 0.246714 0.594788 0.025741
8 0.356793 0.346998 0.487580 0.022524
8 0.306126 0.545957 0.383308 0.019306
5 0.158216 0.961975 0.138050 0.022524
4 0.322631 0.400370 0.409743 0.022524
4 0.288119 0.495828 0.340718 0.020379
4 0.223500 0.595039 0.234978 0.021451
4 0.219828 0.643840 0.224698 0.018233
4 0.225703 0.693714 0.233509 0.021451
4 0.236717 0.744125 0.261413 0.019306
4 0.220562 0.790781 0.217355 0.024669
4 0.340254 0.826711 0.459676 0.021451
4 0.244794 0.879803 0.271693 0.018233
