6 0.177151 0.039011 0.148994 0.016916
6 0.553362 0.037425 0.192203 0.020088
6 0.944472 0.034782 0.035759 0.016916
10 0.501214 0.072844 0.722622 0.016916
10 0.329126 0.190730 0.312888 0.017974
10 0.159028 0.101333 0.031289 0.019031
10 0.239485 0.144681 0.198162 0.019031
8 0.547903 0.229792 0.463372 0.017974
10 0.553863 0.297458 0.809039 0.068723
10 0.221606 0.366709 0.168364 0.019031
10 0.435413 0.363537 0.143035 0.025375
10 0.705092 0.364066 0.289049 0.013745
10 0.646239 0.396842 0.174323 0.022203
10 0.588132 0.572350 0.734542 0.201940
8 0.594836 0.710324 0.143035 0.027489
5 0.174673 0.936581 0.148994 0.023260
4 0.551553 0.771057 0.798609 0.041234
4 0.563473 0.850352 0.816489 0.043348
