6 0.156822 0.048174 0.150633 0.025467
6 0.532673 0.051357 0.203281 0.023345
6 0.913642 0.050827 0.038024 0.022284
9 0.474175 0.641349 0.817513 0.082769
4 0.240112 0.078827 0.245693 0.020162
4 0.238649 0.128170 0.231068 0.025467
4 0.242306 0.177513 0.238380 0.022284
4 0.254736 0.223142 0.263242 0.024406
4 0.233531 0.274607 0.226681 0.016978
4 0.292760 0.348886 0.350989 0.067913
4 0.297879 0.445450 0.361226 0.070035
4 0.388551 0.543605 0.551346 0.075341
4 0.439737 0.738854 0.644943 0.068974
4 0.425113 0.835948 0.612769 0.070035
