6 0.195401 0.057143 0.143795 0.015653
6 0.529080 0.057578 0.176979 0.014783
6 0.927897 0.061056 0.025809 0.014783
9 0.515561 0.098014 0.594846 0.055655
9 0.514331 0.170627 0.592388 0.080873
9 0.516175 0.252370 0.593617 0.077395
9 0.510644 0.332808 0.594846 0.074786
9 0.513717 0.418899 0.598533 0.083482
9 0.516175 0.504121 0.608365 0.076525
9 0.506343 0.587603 0.586243 0.076525
9 0.504499 0.670216 0.594846 0.078265
9 0.517404 0.746741 0.620656 0.057394
9 0.504499 0.809353 0.599762 0.059133
9 0.500812 0.868051 0.594846 0.053046
