6 0.169920 0.055345 0.144145 0.017287
6 0.502187 0.054480 0.180792 0.015558
9 0.453324 0.138321 0.718284 0.143480
10 0.505241 0.260192 0.819674 0.053589
4 0.355599 0.305137 0.517946 0.017287
4 0.299407 0.325882 0.412891 0.013829
8 0.262759 0.349651 0.339597 0.012965
10 0.504630 0.382928 0.823339 0.041488
10 0.504020 0.429602 0.822117 0.029387
4 0.501576 0.466768 0.819674 0.029387
4 0.371479 0.493563 0.554593 0.013829
10 0.502798 0.523814 0.822117 0.027659
4 0.500355 0.560981 0.819674 0.024201
10 0.500966 0.604630 0.823339 0.040624
10 0.500966 0.653897 0.823339 0.037166
10 0.498523 0.704460 0.823339 0.041488
4 0.499744 0.747677 0.820896 0.024201
9 0.474091 0.854423 0.693852 0.121871
