6 0.165904 0.058447 0.138879 0.016523
6 0.502656 0.056273 0.185582 0.013914
10 0.503885 0.090623 0.814841 0.040872
10 0.506957 0.138016 0.813612 0.045220
8 0.206462 0.176279 0.165918 0.017392
9 0.401262 0.251500 0.437531 0.122615
8 0.227970 0.345852 0.213850 0.015653
9 0.360089 0.444118 0.342897 0.142616
10 0.482991 0.551949 0.787802 0.017392
8 0.176351 0.575428 0.172063 0.012174
10 0.503270 0.599343 0.823444 0.028697
8 0.295566 0.629779 0.285133 0.011305
9 0.290650 0.680651 0.272843 0.074786
6 0.293108 0.733262 0.280217 0.018262
9 0.297409 0.765872 0.291278 0.036523
10 0.501427 0.804570 0.827131 0.028697
8 0.148083 0.835006 0.058993 0.014783
9 0.355173 0.890226 0.414180 0.083482
