6 0.111985 0.077494 0.159559 0.022532
6 0.527636 0.075241 0.196257 0.018026
6 0.942489 0.073551 0.030316 0.019152
4 0.498915 0.119741 0.869596 0.041684
10 0.549176 0.192970 0.791412 0.089001
10 0.503702 0.364777 0.853640 0.101394
8 0.505297 0.454905 0.116478 0.024785
8 0.503702 0.508982 0.362199 0.020279
10 0.505297 0.573761 0.863213 0.050697
10 0.139110 0.643611 0.118074 0.016899
10 0.632945 0.639668 0.087757 0.020279
10 0.507691 0.752328 0.861618 0.123926
10 0.367279 0.856538 0.564838 0.016899
10 0.100018 0.905545 0.055846 0.024785
10 0.363290 0.906672 0.036699 0.018026
