6 0.160777 0.085263 0.139578 0.016038
6 0.497196 0.086529 0.180139 0.011817
6 0.894457 0.089905 0.039368 0.016882
10 0.528810 0.111008 0.758733 0.027011
10 0.498986 0.158700 0.825539 0.054867
10 0.496003 0.215677 0.826732 0.040517
8 0.498389 0.250285 0.199227 0.016882
9 0.533582 0.274764 0.503436 0.016882
9 0.239514 0.376056 0.237402 0.172197
8 0.494811 0.494231 0.091859 0.016882
8 0.493618 0.514911 0.139578 0.017726
10 0.383864 0.536858 0.619154 0.019414
10 0.351057 0.557116 0.548769 0.016038
10 0.284250 0.577797 0.419927 0.015194
10 0.193584 0.757168 0.073964 0.017726
10 0.203128 0.604386 0.114526 0.014350
7 0.185233 0.668538 0.219508 0.107201
8 0.142286 0.813301 0.145543 0.013506
10 0.486460 0.848332 0.829118 0.044737
10 0.483477 0.890959 0.820767 0.027011
4 0.484670 0.925145 0.832697 0.026167
