6 0.129449 0.047698 0.152418 0.021951
6 0.536966 0.042499 0.197341 0.023107
6 0.959724 0.042499 0.032088 0.013864
6 0.557823 0.090446 0.784549 0.049679
10 0.512900 0.228508 0.874396 0.110912
8 0.513702 0.320358 0.128352 0.019641
8 0.513702 0.376391 0.372220 0.023107
10 0.479207 0.445134 0.858352 0.049679
10 0.146295 0.509832 0.125143 0.019641
10 0.567449 0.507522 0.085033 0.026573
10 0.517713 0.636919 0.877604 0.155970
10 0.419845 0.760540 0.656198 0.021951
10 0.108592 0.811375 0.052945 0.017330
10 0.370109 0.812530 0.043319 0.021951
10 0.894746 0.866253 0.129956 0.025417
10 0.517713 0.919399 0.563143 0.025417
