6 0.156091 0.052788 0.146246 0.023510
6 0.526823 0.055460 0.182807 0.028853
6 0.909255 0.055994 0.026324 0.027784
8 0.488799 0.081641 0.086285 0.019235
8 0.490993 0.132934 0.541108 0.021372
10 0.506349 0.231247 0.764864 0.123959
10 0.640163 0.317804 0.067273 0.025647
10 0.724986 0.346123 0.236918 0.024578
10 0.699393 0.374441 0.185732 0.021372
10 0.834670 0.438023 0.099447 0.028853
10 0.122454 0.486645 0.061423 0.021372
10 0.120260 0.534733 0.051186 0.023510
10 0.359372 0.636251 0.535259 0.021372
4 0.415607 0.682615 0.643480 0.021372
4 0.490192 0.745129 0.786801 0.041676
4 0.381970 0.812452 0.582057 0.024578
