6 0.037357 0.045264 0.035456 0.021560
6 0.507950 0.047659 0.377119 0.021560
6 0.871370 0.052450 0.153104 0.021560
8 0.495863 0.083593 0.130541 0.019164
8 0.496669 0.105152 0.380342 0.021560
10 0.494251 0.134498 0.568902 0.039526
10 0.105851 0.172827 0.127318 0.020362
10 0.704568 0.174024 0.087027 0.020362
10 0.491028 0.274038 0.897672 0.170084
10 0.064755 0.406392 0.045125 0.017967
10 0.325837 0.406991 0.035456 0.019164
10 0.576444 0.439331 0.243354 0.026351
8 0.489417 0.468078 0.372284 0.023955
9 0.441068 0.600431 0.804198 0.233566
10 0.515202 0.854359 0.826761 0.228775
