6 0.336429 0.117672 0.447399 0.016661
6 0.872095 0.099449 0.138801 0.019785
8 0.305435 0.163489 0.388105 0.018744
10 0.536546 0.216076 0.758691 0.065603
8 0.254226 0.288968 0.280298 0.017702
10 0.546652 0.323332 0.778905 0.030198
8 0.253552 0.379563 0.278950 0.013537
10 0.541262 0.412885 0.757344 0.030198
8 0.233339 0.465471 0.233132 0.016661
9 0.550695 0.518578 0.738477 0.070810
8 0.286568 0.585743 0.347677 0.019785
10 0.537893 0.619586 0.755996 0.035405
10 0.424696 0.657594 0.483783 0.015620
4 0.498813 0.676859 0.626628 0.014578
4 0.434129 0.692999 0.502650 0.017702
4 0.465797 0.713305 0.565986 0.014578
4 0.471188 0.732048 0.576767 0.010413
10 0.427391 0.747147 0.489174 0.017702
10 0.430086 0.769015 0.497259 0.015620
8 0.227948 0.804420 0.230437 0.017702
4 0.409199 0.832535 0.452789 0.015620
10 0.552043 0.879915 0.735782 0.074975
5 0.520375 0.941353 0.184619 0.027074
5 0.878833 0.938229 0.119935 0.029157
