6 0.225928 0.102572 0.226400 0.019785
8 0.422680 0.149432 0.611819 0.021868
10 0.517014 0.196293 0.808571 0.059356
10 0.516340 0.275435 0.804528 0.090597
8 0.440873 0.341039 0.658985 0.019785
10 0.552052 0.385296 0.738495 0.052067
10 0.552052 0.438925 0.738495 0.051026
4 0.409204 0.479017 0.452800 0.018744
8 0.231319 0.523274 0.237181 0.019785
10 0.553399 0.595126 0.735799 0.111424
4 0.386295 0.668541 0.353076 0.012496
4 0.386969 0.687285 0.357119 0.016661
4 0.468499 0.706550 0.525571 0.019785
4 0.529816 0.725294 0.645509 0.017703
4 0.562833 0.754972 0.714238 0.033323
8 0.401792 0.794023 0.567347 0.015620
10 0.554747 0.831511 0.738495 0.036447
10 0.552726 0.885140 0.739842 0.054150
5 0.516340 0.939290 0.160367 0.031240
5 0.882218 0.933562 0.105114 0.026034
