10 0.562150 0.119754 0.712873 0.049983
10 0.437498 0.159324 0.463570 0.020826
10 0.563497 0.185878 0.715568 0.028116
10 0.389659 0.214514 0.365196 0.020826
10 0.552717 0.269704 0.739825 0.091636
10 0.549348 0.362902 0.735782 0.092677
8 0.395049 0.446207 0.561943 0.017702
10 0.521722 0.469116 0.675141 0.015620
10 0.562824 0.534198 0.716916 0.091636
10 0.563497 0.610214 0.715568 0.052066
4 0.467145 0.646660 0.520168 0.016661
10 0.565519 0.702892 0.711526 0.087471
10 0.565519 0.776304 0.716916 0.055190
10 0.562824 0.835139 0.716916 0.056231
10 0.552043 0.895535 0.749258 0.037487
5 0.517679 0.941874 0.084898 0.032281
