6 0.196015 0.052360 0.145024 0.016523
6 0.528465 0.052360 0.180666 0.020001
10 0.529080 0.086709 0.818528 0.043480
10 0.350257 0.120189 0.460883 0.016523
10 0.295566 0.138451 0.233514 0.016523
10 0.365620 0.160626 0.366248 0.019131
10 0.529080 0.188019 0.820986 0.030436
9 0.377296 0.236282 0.519876 0.059133
9 0.376681 0.309329 0.523563 0.074786
9 0.376067 0.380637 0.517418 0.060872
9 0.376681 0.443683 0.516189 0.060003
10 0.283276 0.485424 0.339210 0.013044
10 0.311543 0.509338 0.390829 0.013914
10 0.354559 0.528905 0.479318 0.013044
8 0.277130 0.550645 0.322003 0.014783
10 0.522935 0.576733 0.823444 0.030436
8 0.269756 0.605430 0.312171 0.013044
10 0.524778 0.631953 0.829589 0.026088
13 0.165904 0.662389 0.111841 0.013914
10 0.260539 0.681086 0.306026 0.014783
8 0.416624 0.701087 0.610823 0.013044
10 0.518019 0.729784 0.820986 0.030436
8 0.236573 0.758046 0.253178 0.017392
10 0.474388 0.777612 0.723893 0.011305
8 0.309699 0.800222 0.396974 0.014783
4 0.406792 0.820658 0.532166 0.012174
10 0.539526 0.862399 0.792718 0.053916
10 0.548744 0.910662 0.769367 0.030436
