6 0.523078 0.106217 0.408328 0.020827
8 0.415942 0.143184 0.601038 0.019785
8 0.514318 0.204624 0.800485 0.036447
4 0.415269 0.241591 0.599690 0.016661
10 0.519035 0.284807 0.812614 0.055191
8 0.332390 0.329584 0.442019 0.017703
10 0.551378 0.374362 0.742538 0.053108
4 0.521057 0.410288 0.676504 0.020827
4 0.560137 0.441529 0.708847 0.033323
4 0.530490 0.471207 0.644161 0.015620
10 0.516340 0.505051 0.812614 0.052067
10 0.515666 0.562324 0.803180 0.039571
8 0.200323 0.596689 0.172495 0.016661
8 0.302069 0.622722 0.378681 0.018744
4 0.532511 0.647714 0.696719 0.012496
4 0.552052 0.674268 0.735799 0.032282
4 0.461088 0.703426 0.553871 0.013537
4 0.461088 0.721649 0.553871 0.018744
10 0.515666 0.750807 0.805876 0.031240
10 0.516340 0.823180 0.804528 0.086431
5 0.520383 0.936686 0.157671 0.030199
5 0.797992 0.925232 0.106462 0.032282
