10 0.552717 0.116110 0.731739 0.053107
8 0.250183 0.182233 0.272212 0.018744
8 0.202344 0.207225 0.176534 0.018744
10 0.550021 0.269704 0.734435 0.089553
10 0.550021 0.344679 0.737130 0.056231
10 0.552043 0.400910 0.735782 0.054148
8 0.306108 0.463909 0.389452 0.017702
10 0.550695 0.507645 0.735782 0.057272
8 0.318237 0.551901 0.411014 0.018744
4 0.552043 0.596677 0.743868 0.052066
8 0.250857 0.656032 0.278950 0.024992
8 0.205713 0.684669 0.177881 0.019785
10 0.464450 0.706536 0.568681 0.019785
4 0.308130 0.737255 0.204833 0.018744
4 0.334408 0.756519 0.257389 0.017702
4 0.426717 0.773180 0.442008 0.015620
8 0.269050 0.811709 0.169796 0.019785
10 0.551369 0.846073 0.737130 0.051025
10 0.555412 0.896576 0.737130 0.037487
5 0.519701 0.940832 0.088941 0.036446
