6 0.517679 0.104134 0.268170 0.022909
8 0.399092 0.142663 0.564639 0.018744
8 0.278483 0.192646 0.180577 0.022909
10 0.418632 0.222324 0.468960 0.017702
4 0.405830 0.248877 0.400233 0.014578
4 0.296675 0.267621 0.179229 0.016661
4 0.271071 0.288447 0.119935 0.014578
4 0.344515 0.308233 0.277603 0.014578
4 0.287242 0.326976 0.160363 0.012496
4 0.299370 0.347803 0.187314 0.016661
10 0.374835 0.390497 0.276255 0.070810
4 0.563497 0.447769 0.715568 0.031240
4 0.426044 0.478488 0.443356 0.015620
4 0.382921 0.496190 0.351720 0.015620
4 0.379552 0.513372 0.347677 0.014578
4 0.335081 0.532636 0.261432 0.015620
10 0.551369 0.593553 0.734435 0.035405
4 0.350579 0.632603 0.292426 0.013537
4 0.566866 0.660718 0.716916 0.030198
10 0.412568 0.708098 0.459527 0.014578
8 0.411894 0.755999 0.452789 0.020826
4 0.436150 0.782032 0.460874 0.018744
4 0.442215 0.801296 0.470308 0.015620
8 0.554738 0.847635 0.738477 0.033322
5 0.514984 0.939791 0.076812 0.036446
5 0.815496 0.929899 0.106459 0.022909
