10 0.561485 0.119234 0.716933 0.051026
8 0.349235 0.169739 0.330166 0.020827
10 0.563506 0.215558 0.712890 0.052067
10 0.562833 0.272831 0.714238 0.049984
8 0.436157 0.324378 0.504009 0.013537
10 0.550030 0.360304 0.737147 0.049984
8 0.293309 0.398313 0.221009 0.013537
10 0.554073 0.435281 0.734452 0.049984
8 0.232666 0.471728 0.094333 0.014579
10 0.552052 0.518067 0.735799 0.071853
10 0.551378 0.601375 0.737147 0.090597
8 0.413921 0.675310 0.459538 0.017703
10 0.562833 0.710195 0.711542 0.035406
10 0.562159 0.750286 0.715585 0.038530
10 0.414595 0.792981 0.471666 0.017703
8 0.318914 0.828387 0.272219 0.017703
10 0.550704 0.855982 0.738495 0.035406
5 0.518361 0.941372 0.086248 0.035406
