6 0.192684 0.010897 0.154261 0.019713
6 0.554829 0.012453 0.337905 0.016601
8 0.554095 0.041505 0.377572 0.016601
8 0.551157 0.069518 0.351127 0.031126
10 0.546749 0.126583 0.874145 0.062253
8 0.463742 0.167566 0.570031 0.013488
10 0.232351 0.185723 0.113125 0.018676
10 0.554830 0.206993 0.761020 0.013488
8 0.234554 0.226187 0.126347 0.014526
4 0.581274 0.432659 0.810972 0.392192
8 0.311685 0.640686 0.430461 0.015563
8 0.227209 0.658843 0.126347 0.012451
10 0.230147 0.679594 0.161607 0.012451
10 0.457131 0.697751 0.721353 0.017638
8 0.257326 0.717464 0.233595 0.013488
10 0.523243 0.735103 0.733107 0.015563
4 0.558502 0.761041 0.800688 0.028014
10 0.558502 0.799430 0.791873 0.032164
4 0.559237 0.832113 0.796280 0.024901
4 0.556299 0.867908 0.787465 0.028014
