6 0.109369 0.054534 0.035642 0.020871
6 0.502656 0.052360 0.372393 0.014783
6 0.835106 0.054969 0.149941 0.014783
8 0.213221 0.073231 0.174521 0.009566
6 0.355788 0.116711 0.390829 0.063481
8 0.221825 0.157148 0.208934 0.017392
9 0.351486 0.188453 0.392058 0.034784
10 0.515560 0.227586 0.793947 0.029567
8 0.159759 0.257152 0.131505 0.015653
10 0.412323 0.276719 0.644007 0.014783
0 0.502041 0.303242 0.820986 0.026088
10 0.494667 0.331504 0.806238 0.018262
8 0.365005 0.353244 0.549372 0.013044
9 0.350257 0.439335 0.401890 0.146964
10 0.395116 0.541079 0.612052 0.013044
10 0.405563 0.564124 0.642778 0.017392
9 0.320761 0.614561 0.342897 0.078265
10 0.137022 0.667607 0.105696 0.015653
8 0.196015 0.688912 0.223682 0.014783
10 0.460255 0.709783 0.752161 0.020001
9 0.451651 0.808483 0.602220 0.172182
