6 0.138848 0.084078 0.140481 0.019015
6 0.472947 0.083646 0.180792 0.011236
6 0.872401 0.086671 0.034204 0.017287
8 0.239627 0.104822 0.339597 0.015558
4 0.494325 0.129888 0.792799 0.025930
10 0.494325 0.166622 0.792799 0.038895
10 0.493714 0.199467 0.791578 0.025066
4 0.432025 0.221075 0.663313 0.012965
4 0.416755 0.234040 0.635217 0.014694
4 0.383773 0.247437 0.574138 0.013829
4 0.493714 0.269910 0.791578 0.027659
4 0.376443 0.288493 0.561923 0.012965
10 0.493714 0.310102 0.796464 0.026794
4 0.457067 0.330414 0.728056 0.017287
8 0.179770 0.351590 0.229655 0.014694
4 0.196872 0.427651 0.146588 0.125329
10 0.474780 0.527050 0.831890 0.056182
8 0.180381 0.577181 0.116049 0.016422
4 0.498600 0.590146 0.776919 0.012965
4 0.201759 0.606569 0.195451 0.011236
4 0.242681 0.623423 0.272410 0.015558
4 0.283604 0.638549 0.356699 0.011236
4 0.309257 0.655404 0.403118 0.012101
4 0.257340 0.671394 0.299285 0.014694
4 0.254286 0.686952 0.290734 0.012965
4 0.255508 0.702510 0.293177 0.014694
10 0.412479 0.719365 0.616893 0.013829
8 0.123578 0.742702 0.136816 0.013829
8 0.158393 0.763013 0.204002 0.016422
4 0.486384 0.790240 0.796464 0.025930
4 0.372168 0.810552 0.568030 0.011236
4 0.376443 0.823085 0.569252 0.013829
4 0.490049 0.844693 0.798907 0.024201
4 0.472947 0.865437 0.764703 0.012101
10 0.488217 0.894825 0.797686 0.041488
4 0.379497 0.923780 0.582689 0.011236
4 0.353844 0.938906 0.531383 0.012101
4 0.271999 0.952735 0.279740 0.015558
