6 0.105486 0.047141 0.153017 0.018956
6 0.511937 0.053065 0.200835 0.023695
6 0.933530 0.059581 0.039848 0.017771
8 0.160476 0.074390 0.243871 0.018956
10 0.441804 0.132442 0.806526 0.023695
4 0.364499 0.184571 0.514838 0.023695
4 0.421083 0.241438 0.631194 0.023695
4 0.520703 0.309561 0.827247 0.048574
10 0.483246 0.394862 0.895786 0.055683
8 0.154101 0.461207 0.234307 0.020141
10 0.519907 0.544732 0.828841 0.082932
8 0.220249 0.630625 0.366603 0.022510
10 0.518313 0.710595 0.822465 0.075823
10 0.519907 0.822553 0.828841 0.074639
10 0.518313 0.932734 0.832029 0.079378
