6 0.113195 0.080621 0.030539 0.019015
6 0.507762 0.085807 0.375022 0.020744
6 0.848580 0.090128 0.150253 0.017287
7 0.440576 0.377520 0.719505 0.533295
10 0.490049 0.658861 0.823339 0.024201
8 0.468061 0.686520 0.229655 0.017287
10 0.492492 0.731465 0.830668 0.058775
4 0.487606 0.779004 0.825782 0.029387
4 0.487606 0.815306 0.830668 0.031116
10 0.486995 0.849879 0.829446 0.031116
4 0.523032 0.885749 0.759817 0.026794
4 0.392324 0.906493 0.500844 0.012965
4 0.392934 0.920755 0.494736 0.013829
4 0.441797 0.937177 0.604678 0.015558
