6 0.088763 0.077163 0.035426 0.015558
6 0.476612 0.083214 0.373801 0.020744
6 0.818041 0.089696 0.150253 0.018151
8 0.189543 0.100500 0.234542 0.019015
10 0.479666 0.127727 0.824560 0.028523
10 0.482109 0.164461 0.829446 0.031116
10 0.498600 0.203789 0.779362 0.044081
10 0.499211 0.255649 0.775697 0.033709
13 0.295820 0.292383 0.232098 0.031116
10 0.471115 0.334735 0.827003 0.043217
13 0.473558 0.377520 0.089175 0.026794
10 0.472336 0.402153 0.831890 0.027659
10 0.469893 0.440184 0.829446 0.036302
13 0.490049 0.483401 0.229655 0.044945
10 0.323916 0.516678 0.557036 0.021608
13 0.486385 0.557302 0.261416 0.042352
10 0.369114 0.587121 0.642546 0.020744
8 0.129686 0.605704 0.166134 0.014694
10 0.388048 0.628177 0.682858 0.026794
4 0.474780 0.653675 0.797686 0.031116
4 0.413090 0.679605 0.679193 0.025930
8 0.458899 0.721093 0.094061 0.013829
8 0.460732 0.743134 0.180792 0.016422
10 0.281161 0.761285 0.486185 0.019880
9 0.303149 0.846422 0.510617 0.152123
