8 0.111269 0.075134 0.035789 0.016038
8 0.499582 0.078510 0.378173 0.019414
8 0.840177 0.083997 0.147929 0.016882
10 0.221619 0.096658 0.258876 0.016882
10 0.201935 0.116917 0.224279 0.016882
7 0.170918 0.192042 0.167017 0.079346
10 0.167935 0.237201 0.153894 0.014350
8 0.531793 0.291224 0.101403 0.016038
8 0.513302 0.311904 0.150315 0.018570
8 0.163760 0.328786 0.164631 0.015194
4 0.496600 0.355798 0.827925 0.027011
10 0.494214 0.393782 0.825539 0.037141
10 0.493618 0.452869 0.826732 0.081034
10 0.490635 0.532215 0.832697 0.062464
10 0.487653 0.607340 0.829118 0.081034
10 0.486460 0.678245 0.829118 0.045582
8 0.161374 0.710321 0.174174 0.015194
10 0.484670 0.755058 0.830311 0.057399
10 0.482881 0.802750 0.831504 0.031232
