5 0.518361 0.939290 0.080857 0.031240
10 0.552726 0.173383 0.737147 0.163491
8 0.244121 0.293658 0.260090 0.018744
10 0.551378 0.345725 0.739842 0.072894
8 0.463109 0.412371 0.557914 0.016661
10 0.550030 0.447256 0.734452 0.051026
8 0.264335 0.484744 0.157671 0.015620
10 0.553399 0.521191 0.733104 0.048943
8 0.432114 0.558680 0.501314 0.013537
10 0.552052 0.614391 0.738495 0.087473
8 0.368776 0.669582 0.363857 0.022910
10 0.550704 0.698219 0.735799 0.034364
10 0.522404 0.735187 0.679199 0.037488
10 0.551378 0.782568 0.731757 0.051026
8 0.363385 0.819536 0.353076 0.016661
10 0.552052 0.864834 0.738495 0.067687
