10 0.550695 0.108820 0.741172 0.038529
8 0.293306 0.162969 0.358458 0.019785
10 0.550695 0.216597 0.735782 0.070810
10 0.364055 0.290009 0.497259 0.019785
10 0.553390 0.315001 0.738477 0.015620
8 0.366076 0.361340 0.503997 0.018744
8 0.215820 0.387893 0.203486 0.019785
8 0.199649 0.413926 0.163058 0.015620
10 0.552043 0.502959 0.738477 0.149950
10 0.553390 0.625834 0.735782 0.095801
8 0.277135 0.686230 0.328811 0.016661
10 0.383595 0.712784 0.401581 0.013537
10 0.555412 0.760164 0.739825 0.068727
8 0.265007 0.833577 0.307250 0.017702
8 0.200997 0.858568 0.173839 0.017702
10 0.514310 0.885122 0.663012 0.018744
10 0.378204 0.909593 0.530949 0.015620
5 0.520375 0.938229 0.084898 0.031240
5 0.881528 0.930419 0.103764 0.023950
