8 0.273769 0.101531 0.179233 0.017703
4 0.327000 0.124440 0.194057 0.017703
4 0.375514 0.144746 0.285695 0.020827
10 0.550030 0.189524 0.739842 0.037488
4 0.563506 0.236905 0.718280 0.034364
4 0.441547 0.265542 0.466276 0.014579
10 0.549356 0.308758 0.735799 0.036447
8 0.221211 0.362907 0.211576 0.015620
8 0.360016 0.391024 0.354424 0.015620
8 0.273095 0.410809 0.086248 0.019785
4 0.329021 0.427991 0.190014 0.014579
4 0.335085 0.446215 0.210228 0.019785
10 0.553399 0.490992 0.733104 0.032282
10 0.561485 0.535770 0.711542 0.036447
4 0.440199 0.569093 0.474362 0.021868
10 0.552726 0.612829 0.737147 0.036447
8 0.214473 0.665938 0.203490 0.017703
10 0.552052 0.703426 0.733104 0.038530
8 0.265683 0.737270 0.305909 0.018744
10 0.550704 0.781527 0.738495 0.051026
8 0.251533 0.824742 0.269524 0.022910
10 0.552052 0.871082 0.741190 0.057274
5 0.517687 0.939290 0.082205 0.035406
