6 0.121299 0.081362 0.154020 0.021684
6 0.516566 0.086497 0.193311 0.020543
6 0.932264 0.093345 0.040863 0.015978
4 0.551142 0.131007 0.759101 0.050216
10 0.551928 0.221168 0.770102 0.073042
10 0.085151 0.355839 0.062866 0.022826
10 0.701233 0.362116 0.226316 0.021684
10 0.079651 0.407196 0.051864 0.022826
10 0.486705 0.516188 0.878545 0.133529
10 0.080436 0.623469 0.069152 0.023967
10 0.073364 0.676538 0.055007 0.022826
10 0.528353 0.734172 0.128874 0.019402
10 0.580217 0.784959 0.235746 0.022826
10 0.531496 0.836317 0.150877 0.022826
10 0.500064 0.890528 0.081725 0.021684
10 0.520495 0.944168 0.125731 0.021684
