6 0.172168 0.048979 0.139518 0.025893
6 0.544462 0.049518 0.182108 0.018341
6 0.930707 0.049518 0.023498 0.018341
10 0.551070 0.145537 0.721089 0.156435
8 0.512152 0.355375 0.105740 0.025893
8 0.509215 0.406082 0.334844 0.025893
8 0.509215 0.481062 0.525764 0.072284
8 0.515089 0.618078 0.804800 0.044233
10 0.509215 0.683349 0.358342 0.019419
10 0.277174 0.732976 0.170359 0.021577
10 0.279377 0.782604 0.171828 0.025893
10 0.261754 0.830613 0.148330 0.018341
10 0.268362 0.880241 0.146861 0.022656
