6 0.161509 0.090922 0.147810 0.019880
6 0.498051 0.092650 0.180792 0.016422
6 0.895673 0.090057 0.028096 0.018151
13 0.447356 0.147536 0.655983 0.048403
10 0.472398 0.187295 0.767146 0.017287
4 0.254959 0.209336 0.095283 0.012965
8 0.167006 0.229215 0.163690 0.012965
10 0.530423 0.262924 0.761038 0.040624
8 0.236635 0.298362 0.302950 0.014694
10 0.530423 0.339418 0.763482 0.055317
8 0.541417 0.395600 0.272410 0.020744
9 0.491943 0.532165 0.745158 0.293874
10 0.495608 0.729233 0.830668 0.057046
4 0.529201 0.769857 0.726835 0.013829
4 0.245797 0.784983 0.160026 0.012965
10 0.535920 0.812209 0.745158 0.043217
8 0.501716 0.869256 0.346926 0.022473
10 0.495608 0.936674 0.835554 0.043217
