6 0.077831 0.080550 0.029318 0.021608
6 0.474841 0.083143 0.376244 0.021608
6 0.813827 0.087896 0.147810 0.017287
10 0.473009 0.116419 0.822117 0.044945
10 0.474841 0.157475 0.835554 0.031980
4 0.386888 0.179084 0.249200 0.016422
4 0.367954 0.193777 0.211332 0.016422
10 0.531034 0.213657 0.701182 0.030252
4 0.469955 0.244341 0.825782 0.031116
9 0.385667 0.302684 0.549707 0.073469
10 0.466901 0.363187 0.829446 0.047538
10 0.469344 0.409861 0.831890 0.045810
4 0.531645 0.445731 0.692631 0.027659
4 0.527980 0.473822 0.687744 0.028523
4 0.334972 0.494134 0.304171 0.017287
4 0.243965 0.507963 0.119714 0.012101
8 0.151736 0.534758 0.211332 0.019015
4 0.526758 0.557230 0.690187 0.029387
10 0.526147 0.591804 0.693852 0.043217
8 0.187772 0.632428 0.285848 0.017287
10 0.456518 0.673051 0.828225 0.057046
8 0.107149 0.713675 0.131930 0.017287
10 0.496219 0.750842 0.751266 0.046674
10 0.495608 0.811777 0.745158 0.080383
4 0.492554 0.867959 0.746380 0.028523
10 0.449799 0.903829 0.834333 0.032845
