6 0.182118 0.040348 0.159424 0.017262
6 0.560564 0.038190 0.195182 0.021577
6 0.951674 0.033875 0.029799 0.021577
10 0.290139 0.217820 0.330767 0.018341
4 0.276659 0.070973 0.150484 0.025893
4 0.295283 0.120061 0.184753 0.020498
4 0.272189 0.171307 0.126645 0.025893
4 0.454707 0.269484 0.667494 0.019419
4 0.255055 0.318572 0.253290 0.022656
4 0.283363 0.371436 0.160914 0.016183
4 0.298263 0.418906 0.187733 0.018341
4 0.277404 0.471231 0.137075 0.017262
4 0.271444 0.518700 0.280109 0.025893
4 0.287088 0.571025 0.156444 0.016183
4 0.305713 0.620113 0.181773 0.019419
4 0.279639 0.667583 0.129625 0.021577
4 0.266229 0.719908 0.278619 0.018341
4 0.290813 0.767378 0.151974 0.014025
4 0.304223 0.818084 0.184753 0.020498
4 0.282618 0.865554 0.138565 0.020498
