6 0.075571 0.091492 0.039329 0.020001
6 0.468243 0.085840 0.374851 0.013914
6 0.803766 0.082796 0.148711 0.018262
4 0.221210 0.109319 0.244575 0.010435
4 0.361318 0.123668 0.527250 0.013044
8 0.247019 0.145408 0.365019 0.011305
10 0.490980 0.168887 0.857857 0.028697
13 0.109369 0.213672 0.099551 0.038263
10 0.211378 0.241500 0.291278 0.013914
8 0.184954 0.260196 0.240888 0.011305
4 0.242103 0.275849 0.291278 0.011305
4 0.468858 0.286284 0.747245 0.013044
8 0.223668 0.309764 0.320774 0.009566
10 0.178809 0.331939 0.231056 0.017392
8 0.106911 0.351940 0.084802 0.010435
10 0.171435 0.382811 0.140108 0.037393
10 0.379754 0.424117 0.151170 0.078265
4 0.490366 0.478033 0.777970 0.033045
10 0.230428 0.510643 0.248262 0.013044
4 0.309699 0.530209 0.323232 0.012174
0 0.282661 0.545427 0.271614 0.013044
10 0.225512 0.566298 0.250720 0.014783
4 0.315230 0.584994 0.331836 0.010435
4 0.285119 0.599777 0.276530 0.012174
4 0.316459 0.620213 0.430157 0.013044
8 0.220595 0.642388 0.317087 0.013914
4 0.250706 0.664563 0.303568 0.013044
4 0.322604 0.675868 0.447364 0.011305
4 0.269142 0.690651 0.212621 0.011305
9 0.293108 0.753263 0.221224 0.098266
4 0.524778 0.821962 0.723893 0.028697
8 0.220595 0.850659 0.302339 0.016523
4 0.257466 0.872399 0.317087 0.013044
4 0.152999 0.886748 0.108154 0.012174
9 0.282661 0.908923 0.266698 0.028697
