6 0.547587 0.119554 0.163564 0.047795
3 0.860282 0.167880 0.131951 0.014869
10 0.278187 0.200805 0.213045 0.014869
10 0.807364 0.197619 0.237786 0.016994
10 0.351722 0.253910 0.357366 0.053105
10 0.581262 0.317636 0.709235 0.036112
10 0.553085 0.392515 0.765589 0.056291
4 0.564080 0.457362 0.776585 0.031863
4 0.541401 0.482852 0.725729 0.014869
4 0.507727 0.499846 0.661128 0.012745
4 0.533842 0.519495 0.713358 0.013807
4 0.526282 0.536489 0.695490 0.015932
4 0.474739 0.554013 0.592403 0.014869
4 0.557208 0.580035 0.757342 0.035049
4 0.556521 0.615615 0.755967 0.031863
4 0.557895 0.650665 0.758716 0.031863
4 0.556521 0.684652 0.761465 0.029739
10 0.562706 0.755813 0.754593 0.072223
4 0.345537 0.822902 0.215794 0.032925
10 0.562706 0.875476 0.757342 0.055229
10 0.869216 0.966286 0.147070 0.056291
