6 0.171142 0.057073 0.146588 0.013829
6 0.506463 0.056209 0.177128 0.013829
8 0.201681 0.096401 0.200338 0.014694
9 0.512571 0.201417 0.817231 0.181510
10 0.510127 0.314213 0.822117 0.028523
9 0.508295 0.404536 0.820895 0.140022
4 0.320784 0.510417 0.382352 0.012965
4 0.388581 0.525543 0.515503 0.012101
10 0.522954 0.557523 0.789135 0.046674
10 0.282305 0.589072 0.310279 0.014694
4 0.295742 0.605494 0.337154 0.011236
8 0.145489 0.629263 0.105055 0.015558
8 0.187022 0.649575 0.178349 0.012965
10 0.507684 0.675505 0.819674 0.028523
10 0.507684 0.738602 0.822117 0.080383
10 0.506463 0.822010 0.824560 0.069147
0 0.505241 0.885539 0.829446 0.042352
