6 0.060506 0.094402 0.032846 0.019418
6 0.522699 0.088334 0.369129 0.019418
6 0.869931 0.082266 0.150154 0.021845
10 0.243506 0.120495 0.276847 0.020632
10 0.319366 0.177536 0.425437 0.023059
10 0.253673 0.233362 0.281539 0.025486
10 0.321712 0.287975 0.420744 0.023059
10 0.253673 0.343195 0.281539 0.019418
10 0.329532 0.397808 0.423873 0.024272
10 0.413212 0.454849 0.065692 0.024272
10 0.069109 0.512496 0.050051 0.030341
10 0.327186 0.511282 0.031282 0.020632
10 0.849597 0.556793 0.159539 0.029127
8 0.494545 0.619295 0.538052 0.025486
10 0.507840 0.695146 0.902489 0.065536
10 0.139493 0.823790 0.172052 0.024272
