6 0.087967 0.047619 0.035247 0.016088
6 0.513131 0.051909 0.345124 0.020379
6 0.842834 0.051909 0.135112 0.020379
8 0.483758 0.076578 0.095460 0.016088
8 0.484493 0.125916 0.334844 0.024669
10 0.482290 0.190269 0.788645 0.046120
10 0.143775 0.252477 0.111615 0.022524
10 0.659258 0.251941 0.076368 0.021451
10 0.483758 0.337746 0.794520 0.098675
10 0.277418 0.428377 0.367153 0.022524
10 0.658523 0.428913 0.069025 0.015016
10 0.809056 0.428377 0.023498 0.013943
10 0.148915 0.480932 0.133644 0.016088
10 0.828148 0.528661 0.105740 0.017161
8 0.480821 0.626800 0.336312 0.022524
10 0.167272 0.674529 0.158610 0.025741
10 0.517537 0.675601 0.148330 0.019306
10 0.171678 0.724403 0.170359 0.020379
10 0.540300 0.726548 0.190920 0.018233
10 0.233360 0.774277 0.299597 0.023596
10 0.355989 0.822542 0.541918 0.021451
10 0.364066 0.872952 0.552199 0.019306
