10 0.566193 0.109341 0.702092 0.039570
10 0.563497 0.175985 0.712873 0.041653
10 0.562824 0.223365 0.714221 0.036446
10 0.561476 0.260853 0.714221 0.036446
10 0.552043 0.362902 0.733087 0.130165
8 0.215146 0.443083 0.199443 0.019785
10 0.551369 0.504521 0.739825 0.092677
10 0.562824 0.588347 0.711526 0.054148
4 0.560128 0.635206 0.716916 0.033322
4 0.581016 0.691958 0.685921 0.073933
10 0.552717 0.757561 0.745215 0.059355
8 0.283873 0.874709 0.339592 0.018744
10 0.491401 0.901262 0.614499 0.019785
5 0.521048 0.940312 0.080855 0.033322
5 0.838405 0.933023 0.109154 0.031240
