6 0.180602 0.050786 0.151328 0.020575
6 0.556696 0.051327 0.191385 0.021658
6 0.949851 0.049161 0.034123 0.025989
8 0.466196 0.075692 0.645368 0.020575
8 0.394983 0.123880 0.511844 0.025989
8 0.543344 0.634458 0.096434 0.014077
8 0.535184 0.682104 0.305623 0.029238
10 0.489192 0.733000 0.712131 0.024906
10 0.471678 0.783517 0.678008 0.021658
10 0.456842 0.835495 0.327877 0.021658
10 0.301805 0.884766 0.175065 0.024906
10 0.558109 0.203349 0.768508 0.073636
4 0.558109 0.289979 0.771475 0.045481
4 0.567752 0.382024 0.787794 0.073636
4 0.555883 0.469738 0.769991 0.045481
4 0.456482 0.536876 0.568221 0.021658
4 0.428293 0.583981 0.520745 0.024906
