10 0.554064 0.128085 0.742520 0.074975
8 0.363381 0.202539 0.498607 0.023950
8 0.197628 0.227010 0.175186 0.020826
10 0.551369 0.262415 0.737130 0.035405
8 0.393701 0.316563 0.561943 0.020826
10 0.553390 0.387373 0.738477 0.108297
8 0.350579 0.479529 0.478393 0.021868
10 0.553390 0.515975 0.741172 0.034363
8 0.225253 0.570124 0.230437 0.021868
10 0.493423 0.598239 0.618542 0.021868
10 0.422001 0.640933 0.618542 0.019785
8 0.198975 0.667487 0.172491 0.016661
10 0.419979 0.695082 0.474350 0.021868
10 0.183478 0.727883 0.057946 0.035405
10 0.770352 0.735172 0.172491 0.045818
10 0.505551 0.754437 0.246608 0.065603
10 0.498813 0.809106 0.230437 0.041653
5 0.521722 0.939791 0.084898 0.036446
5 0.860640 0.939270 0.110502 0.029157
