8 0.263659 0.099969 0.164406 0.016661
4 0.322279 0.117672 0.233132 0.014578
4 0.293980 0.135895 0.171143 0.013537
4 0.302739 0.156200 0.194052 0.012496
4 0.311499 0.175985 0.211571 0.014578
4 0.273092 0.196812 0.126673 0.014578
4 0.510941 0.215035 0.602371 0.015620
4 0.423348 0.232737 0.435270 0.013537
10 0.386964 0.262935 0.295121 0.036446
8 0.357990 0.320208 0.371934 0.017702
10 0.551369 0.370191 0.734435 0.051025
10 0.554738 0.427463 0.741172 0.030198
4 0.421327 0.469116 0.431228 0.013537
4 0.416610 0.484736 0.421795 0.015620
4 0.399092 0.504000 0.378672 0.020826
10 0.553390 0.568562 0.738477 0.072892
4 0.405156 0.624793 0.401581 0.014578
4 0.450300 0.643536 0.483784 0.014578
4 0.315541 0.660718 0.219657 0.015620
10 0.388985 0.708098 0.299164 0.068727
4 0.502856 0.757040 0.591590 0.012496
4 0.510268 0.775263 0.603719 0.015620
4 0.380899 0.792965 0.350372 0.013537
4 0.310825 0.812230 0.210223 0.016661
4 0.558781 0.833577 0.708830 0.015620
4 0.473883 0.854403 0.530949 0.017702
4 0.385616 0.872626 0.362501 0.018744
4 0.567540 0.898138 0.723654 0.032281
5 0.521048 0.939270 0.078160 0.031240
