6 0.534663 0.071672 0.224000 0.044444
10 0.300781 0.120561 0.249412 0.015043
10 0.694193 0.117484 0.087529 0.012991
3 0.809487 0.117826 0.139294 0.015043
10 0.357722 0.162270 0.361412 0.043761
10 0.560546 0.212527 0.642824 0.030769
10 0.465957 0.250817 0.463059 0.012991
10 0.531369 0.360295 0.699294 0.149744
10 0.532781 0.463201 0.707765 0.028718
10 0.807134 0.531653 0.147765 0.039658
8 0.302193 0.576781 0.237176 0.015043
10 0.698428 0.576439 0.090353 0.014359
3 0.813251 0.574730 0.135529 0.010940
8 0.220781 0.605841 0.078118 0.014359
4 0.547840 0.628063 0.677647 0.030085
4 0.552075 0.673534 0.676706 0.029402
10 0.763840 0.710153 0.319059 0.014359
8 0.218428 0.741606 0.073412 0.014359
4 0.524310 0.756990 0.621176 0.017778
4 0.515840 0.785708 0.604235 0.015043
10 0.764781 0.829811 0.251294 0.012991
10 0.420781 0.859896 0.480000 0.018462
