5 0.517679 0.939270 0.068727 0.037487
5 0.837057 0.924692 0.106459 0.027074
8 0.223906 0.716949 0.222352 0.015620
10 0.564845 0.108300 0.715568 0.033322
10 0.566866 0.166613 0.719611 0.068727
10 0.562824 0.221283 0.708830 0.034363
10 0.364055 0.267100 0.365196 0.017702
10 0.551369 0.362381 0.742520 0.129123
8 0.459059 0.459223 0.687269 0.018744
10 0.553390 0.523785 0.738477 0.085388
10 0.554064 0.620107 0.742520 0.053107
4 0.426717 0.663842 0.442008 0.011454
4 0.477926 0.682586 0.533644 0.015620
10 0.553390 0.753395 0.735782 0.030198
4 0.411894 0.789321 0.412361 0.014578
4 0.566866 0.815874 0.716916 0.034363
4 0.311499 0.846593 0.206181 0.016661
4 0.565519 0.876271 0.714221 0.032281
