10 0.550695 0.118713 0.735782 0.049983
8 0.345188 0.181713 0.467612 0.019785
10 0.553390 0.223365 0.735782 0.055190
10 0.552717 0.270745 0.737130 0.035405
10 0.553390 0.319166 0.741172 0.053107
8 0.281852 0.386331 0.335549 0.020826
8 0.200997 0.414967 0.176534 0.015620
10 0.550021 0.456620 0.734435 0.055190
8 0.301392 0.501917 0.377324 0.020826
10 0.552043 0.565438 0.738477 0.089553
8 0.265681 0.648743 0.305902 0.016661
8 0.201670 0.676338 0.172491 0.017702
8 0.351252 0.709660 0.342287 0.034363
4 0.438172 0.744544 0.510735 0.014578
10 0.551369 0.772660 0.731739 0.029157
10 0.537893 0.800775 0.710178 0.014578
4 0.548674 0.827850 0.737130 0.035405
10 0.515658 0.857006 0.660317 0.014578
10 0.551369 0.884601 0.739825 0.034363
5 0.516332 0.939270 0.068727 0.033322
5 0.874790 0.929899 0.103764 0.035405
