6 0.138251 0.053230 0.034413 0.016523
6 0.527236 0.055404 0.369935 0.019131
6 0.865831 0.058012 0.147482 0.017392
9 0.516790 0.231064 0.587472 0.328711
10 0.339811 0.428465 0.454738 0.015653
10 0.259924 0.450640 0.231056 0.013044
4 0.490366 0.467597 0.583785 0.013914
4 0.564721 0.490207 0.734955 0.026088
4 0.457797 0.514556 0.521105 0.017392
4 0.315230 0.546297 0.344126 0.014783
4 0.460255 0.562384 0.634175 0.012174
4 0.335509 0.577168 0.387142 0.013914
4 0.352101 0.594125 0.415409 0.016523
10 0.844938 0.651519 0.174521 0.028697
10 0.820358 0.681955 0.223682 0.013044
10 0.865831 0.702391 0.127818 0.017392
10 0.118587 0.719783 0.029497 0.017392
4 0.259924 0.740219 0.245804 0.011305
4 0.231042 0.754568 0.185582 0.010435
4 0.240874 0.768046 0.207705 0.011305
4 0.221210 0.781960 0.170834 0.011305
4 0.237187 0.796743 0.205246 0.014783
