6 0.073172 0.037973 0.038363 0.016978
6 0.518182 0.036382 0.372888 0.020162
6 0.864215 0.039565 0.138106 0.020162
4 0.492095 0.079358 0.863933 0.042445
10 0.485957 0.180696 0.839381 0.096563
10 0.491328 0.305380 0.847053 0.099747
10 0.491328 0.418391 0.847053 0.071096
10 0.492862 0.529279 0.856260 0.097625
10 0.516647 0.606212 0.707412 0.020162
8 0.486724 0.649188 0.843984 0.048812
4 0.489793 0.720815 0.825570 0.043507
10 0.495164 0.809950 0.839381 0.073218
10 0.495164 0.902800 0.839381 0.091258
