6 0.039351 0.054899 0.035803 0.019081
6 0.513746 0.056489 0.382445 0.015900
6 0.881544 0.058079 0.148096 0.021201
8 0.497472 0.087760 0.170880 0.021201
10 0.498286 0.162492 0.878810 0.073142
10 0.350190 0.238284 0.589128 0.016960
10 0.448649 0.298706 0.769773 0.046641
10 0.119909 0.360188 0.183899 0.021201
10 0.526765 0.358598 0.167625 0.015900
10 0.119095 0.402589 0.179017 0.016961
10 0.547922 0.400469 0.206683 0.021201
10 0.190702 0.442870 0.325485 0.023321
8 0.485266 0.483681 0.156233 0.018021
4 0.502354 0.536683 0.870673 0.045581
4 0.499913 0.606645 0.875556 0.047701
10 0.501540 0.690387 0.878810 0.071022
10 0.551991 0.794270 0.774655 0.073142
4 0.503168 0.882253 0.878810 0.045581
5 0.878290 0.956985 0.154606 0.016960
