4 0.350583 0.102051 0.295128 0.012496
4 0.291288 0.121316 0.168452 0.015620
4 0.293309 0.140581 0.167105 0.018744
10 0.516340 0.195251 0.807223 0.051026
4 0.310154 0.242112 0.206186 0.011455
4 0.278485 0.260856 0.142848 0.015620
4 0.368102 0.281162 0.319385 0.012496
4 0.381578 0.299906 0.354424 0.016661
4 0.376861 0.320212 0.334209 0.015620
4 0.432114 0.339477 0.450104 0.018744
4 0.316892 0.359263 0.216967 0.012496
4 0.448285 0.375404 0.479752 0.013537
4 0.306111 0.395710 0.203490 0.016661
10 0.516340 0.431636 0.809918 0.053108
4 0.551378 0.488910 0.739842 0.036447
4 0.553399 0.524315 0.738495 0.032282
4 0.452328 0.551911 0.539047 0.014579
4 0.470521 0.572738 0.567347 0.020827
4 0.519035 0.615953 0.807223 0.034364
10 0.519709 0.668541 0.808571 0.054150
10 0.517687 0.768510 0.812614 0.129126
10 0.521730 0.866396 0.815309 0.058315
5 0.520383 0.939810 0.160367 0.032282
