6 0.095179 0.044418 0.022862 0.016634
6 0.506703 0.044418 0.334364 0.020793
6 0.832494 0.046498 0.134317 0.018713
10 0.103752 0.075088 0.028578 0.021832
8 0.478125 0.287692 0.091450 0.027030
8 0.480269 0.337594 0.424385 0.018713
10 0.347381 0.430641 0.498688 0.025991
10 0.267362 0.526806 0.335793 0.024951
10 0.652452 0.525247 0.228625 0.025991
10 0.488842 0.610497 0.773037 0.105003
10 0.488842 0.711860 0.773037 0.049902
10 0.402393 0.774758 0.188615 0.028070
10 0.485984 0.821541 0.344366 0.025991
4 0.295332 0.114656 0.401522 0.021832
4 0.301048 0.155201 0.407238 0.019753
4 0.322481 0.195227 0.470110 0.020793
