6 0.359338 0.125481 0.498607 0.021868
6 0.874790 0.101531 0.146887 0.021868
8 0.302066 0.168696 0.378672 0.014578
10 0.540588 0.224927 0.761386 0.068727
8 0.254900 0.296257 0.278950 0.021868
10 0.529134 0.321770 0.735782 0.018744
8 0.249510 0.364984 0.276255 0.013537
10 0.534524 0.392059 0.746563 0.015620
8 0.230644 0.439438 0.238523 0.012496
9 0.551369 0.495670 0.739825 0.083305
8 0.280504 0.562834 0.338244 0.015620
10 0.541262 0.587305 0.765429 0.018744
8 0.223906 0.607090 0.136106 0.016661
9 0.497466 0.690396 0.629323 0.131206
8 0.215820 0.780470 0.203486 0.017702
4 0.406504 0.807544 0.452789 0.013537
10 0.550695 0.850238 0.741172 0.069768
5 0.517006 0.939270 0.177881 0.031240
5 0.866030 0.936146 0.107807 0.027074
