6 0.112659 0.051218 0.034174 0.017272
6 0.500783 0.049490 0.374291 0.018423
6 0.836832 0.051793 0.151344 0.018423
8 0.211928 0.093246 0.235966 0.018423
8 0.510547 0.127789 0.810422 0.041452
9 0.481255 0.300507 0.732309 0.297074
10 0.482882 0.484163 0.787639 0.012666
4 0.502411 0.511222 0.826696 0.027635
10 0.499970 0.553826 0.818559 0.036846
10 0.503224 0.601036 0.821814 0.039149
8 0.215996 0.635579 0.250613 0.018423
10 0.502411 0.663214 0.829950 0.027635
4 0.504852 0.696606 0.831578 0.027635
8 0.165548 0.726544 0.143207 0.016120
9 0.351067 0.836507 0.527263 0.194595
