6 0.194786 0.046708 0.142566 0.015653
6 0.529694 0.046708 0.180666 0.015653
6 0.927897 0.047577 0.035642 0.020871
10 0.894713 0.089318 0.089719 0.013914
10 0.531538 0.134973 0.823444 0.028697
8 0.518019 0.187584 0.307255 0.015653
10 0.527851 0.232369 0.818528 0.025219
8 0.170820 0.262370 0.104467 0.015653
10 0.527236 0.291067 0.819757 0.026088
8 0.454724 0.314981 0.674732 0.011305
10 0.540141 0.349766 0.793948 0.042611
4 0.509415 0.386289 0.734954 0.013044
4 0.534610 0.413682 0.790260 0.024349
10 0.537683 0.455423 0.796406 0.038263
4 0.520477 0.490207 0.764451 0.012174
4 0.298024 0.511512 0.319545 0.011305
4 0.379754 0.533253 0.485463 0.011305
4 0.368692 0.553254 0.463341 0.014783
8 0.304169 0.572385 0.380996 0.011305
10 0.254394 0.594125 0.278988 0.016523
8 0.349643 0.614561 0.471944 0.012174
4 0.362547 0.636301 0.436302 0.010435
10 0.542599 0.670650 0.796406 0.037393
10 0.523549 0.718044 0.824673 0.041741
8 0.302325 0.754133 0.384684 0.016523
4 0.538912 0.781525 0.791489 0.024349
10 0.357631 0.803265 0.436302 0.008696
4 0.504499 0.816310 0.602220 0.010435
4 0.567179 0.837615 0.730038 0.025219
8 0.312772 0.865877 0.403119 0.013914
4 0.327520 0.883704 0.371164 0.013044
4 0.537683 0.909792 0.786573 0.033915
