6 0.515658 0.102572 0.242566 0.021868
8 0.217168 0.141622 0.216961 0.018744
10 0.432108 0.172341 0.452789 0.013537
4 0.481295 0.210869 0.489174 0.057272
10 0.564845 0.312918 0.718263 0.125999
10 0.565519 0.481091 0.722306 0.172859
10 0.539241 0.615421 0.675141 0.054148
10 0.568888 0.692999 0.723654 0.051025
8 0.237381 0.764329 0.257389 0.014578
10 0.552043 0.800775 0.738477 0.033322
10 0.566866 0.873667 0.722306 0.089553
5 0.520375 0.941874 0.068727 0.032281
5 0.868726 0.929378 0.115892 0.021868
