6 0.091206 0.082349 0.037869 0.015558
6 0.477834 0.087103 0.383573 0.023337
6 0.819263 0.093154 0.152696 0.016422
10 0.377054 0.106119 0.555815 0.025066
4 0.494325 0.131617 0.802572 0.031116
10 0.490049 0.183477 0.801350 0.065689
10 0.488217 0.242251 0.807458 0.051860
10 0.485163 0.295840 0.801350 0.048403
4 0.486384 0.342082 0.806237 0.035438
8 0.312311 0.403450 0.511838 0.025066
10 0.484552 0.374495 0.800129 0.032845
4 0.216417 0.422465 0.254087 0.018151
4 0.307424 0.443642 0.440987 0.027659
4 0.187100 0.465250 0.205224 0.013829
4 0.480277 0.486426 0.796464 0.033709
8 0.179159 0.508467 0.191787 0.017287
10 0.380108 0.529643 0.532605 0.021608
8 0.158393 0.548226 0.152696 0.015558
10 0.381940 0.580207 0.546042 0.039759
4 0.432635 0.613916 0.708511 0.024201
10 0.489438 0.637685 0.765925 0.030252
6 0.202369 0.667072 0.255308 0.018151
4 0.419198 0.681334 0.601013 0.017287
4 0.221304 0.693867 0.205224 0.014694
4 0.190154 0.708128 0.142924 0.015558
10 0.452791 0.735787 0.834333 0.031116
4 0.352012 0.766903 0.623001 0.022473
8 0.457067 0.790672 0.833111 0.030252
4 0.468061 0.827406 0.798907 0.034573
4 0.299484 0.847718 0.461754 0.014694
4 0.394156 0.863276 0.648654 0.016422
4 0.356287 0.877106 0.570474 0.016422
4 0.466229 0.897850 0.800129 0.025066
4 0.422863 0.919026 0.715840 0.017287
10 0.463785 0.942363 0.797686 0.031116
