6 0.056126 0.079993 0.044671 0.017832
6 0.521180 0.072860 0.378106 0.015454
6 0.879344 0.069889 0.159538 0.021398
8 0.500440 0.106146 0.119654 0.020209
8 0.501238 0.164397 0.366939 0.020209
10 0.504429 0.260688 0.902988 0.115312
10 0.123929 0.361735 0.129226 0.020209
10 0.711031 0.355196 0.078174 0.021398
10 0.509215 0.489529 0.899797 0.175940
10 0.406313 0.611379 0.681229 0.029720
10 0.189340 0.671412 0.253666 0.023776
10 0.166207 0.725502 0.201018 0.022587
10 0.167803 0.781375 0.204209 0.020209
10 0.166207 0.836653 0.201018 0.023776
10 0.156635 0.887771 0.188255 0.023776
10 0.644823 0.720747 0.070197 0.027342
10 0.648013 0.777214 0.067006 0.021398
10 0.648811 0.834275 0.071792 0.019021
10 0.750118 0.885987 0.098914 0.020209
10 0.726985 0.941860 0.071792 0.022587
