6 0.161239 0.094117 0.142737 0.026606
6 0.549211 0.092217 0.186773 0.020271
6 0.944776 0.098551 0.024296 0.022805
10 0.521119 0.172035 0.826055 0.114027
8 0.508212 0.275927 0.113886 0.027873
8 0.503657 0.338008 0.335585 0.030407
8 0.505934 0.396288 0.580061 0.032941
10 0.136943 0.509048 0.118442 0.022805
10 0.703337 0.510949 0.081998 0.024072
10 0.505175 0.617374 0.860980 0.117828
10 0.507453 0.740903 0.862499 0.050679
10 0.387493 0.809319 0.625615 0.027873
10 0.201479 0.869500 0.244476 0.029140
10 0.644116 0.868233 0.091109 0.019005
10 0.698023 0.927780 0.208032 0.029140
