6 0.096155 0.079685 0.026875 0.023337
6 0.491943 0.085303 0.371358 0.020744
6 0.833372 0.090489 0.145367 0.019015
8 0.230527 0.122470 0.295620 0.015558
13 0.365511 0.165254 0.568030 0.059639
8 0.494997 0.216682 0.475191 0.024201
10 0.478506 0.260331 0.803793 0.042352
10 0.441248 0.291015 0.729278 0.020744
4 0.270839 0.313056 0.136816 0.012965
4 0.265342 0.333800 0.118492 0.012965
4 0.319702 0.354976 0.234542 0.017287
4 0.300768 0.376152 0.199116 0.016422
4 0.253737 0.398625 0.102612 0.014694
4 0.278169 0.420666 0.163690 0.015558
8 0.264731 0.441410 0.386016 0.017287
8 0.212815 0.462154 0.223547 0.012101
10 0.484614 0.495431 0.828225 0.044081
9 0.493165 0.606498 0.386016 0.164224
8 0.151125 0.689474 0.112384 0.015558
10 0.488890 0.727072 0.797686 0.052724
9 0.503548 0.833386 0.350591 0.158173
