6 0.096130 0.039154 0.029249 0.022284
6 0.525361 0.040746 0.340752 0.019100
6 0.848563 0.040746 0.136008 0.019100
10 0.232869 0.065152 0.136008 0.016978
10 0.245300 0.092211 0.166720 0.013795
10 0.468325 0.247668 0.723915 0.021223
10 0.119529 0.274727 0.032174 0.020162
10 0.211664 0.319825 0.210594 0.025467
10 0.505617 0.809540 0.798501 0.096563
5 0.855144 0.945896 0.143321 0.016978
4 0.289835 0.168493 0.391938 0.078524
4 0.332978 0.381251 0.448974 0.071096
4 0.343215 0.485773 0.481148 0.070035
10 0.306654 0.614701 0.460673 0.117786
4 0.277405 0.706489 0.393400 0.040323
