10 0.552043 0.137457 0.741172 0.091636
10 0.552043 0.230134 0.733087 0.089553
10 0.552043 0.323852 0.733087 0.093719
8 0.316889 0.403513 0.402928 0.017702
10 0.552043 0.458703 0.735782 0.073934
4 0.544631 0.513372 0.677836 0.014578
4 0.394375 0.533678 0.380019 0.015620
10 0.541936 0.566479 0.715568 0.020826
8 0.257595 0.609173 0.289731 0.018744
8 0.200997 0.637289 0.168448 0.016661
10 0.553390 0.725280 0.743868 0.146826
10 0.552043 0.827850 0.738477 0.056231
10 0.552717 0.875229 0.737130 0.032281
5 0.518353 0.940312 0.086246 0.031240
5 0.876137 0.935626 0.103764 0.028116
