6 0.141902 0.083646 0.141702 0.018151
6 0.479666 0.085375 0.177128 0.014694
6 0.873012 0.088832 0.035426 0.014694
10 0.491271 0.117355 0.806237 0.042352
4 0.486384 0.158411 0.816009 0.027659
10 0.484552 0.201196 0.812344 0.042352
4 0.469283 0.237065 0.781805 0.017287
4 0.483331 0.262131 0.817231 0.029387
9 0.252454 0.387028 0.238206 0.206576
8 0.121135 0.520135 0.122157 0.016422
10 0.474780 0.566809 0.829446 0.068283
10 0.473558 0.636388 0.827003 0.055317
8 0.428360 0.680469 0.743937 0.017287
4 0.425917 0.699485 0.695074 0.017287
4 0.309868 0.723254 0.357920 0.014694
4 0.264669 0.743134 0.267524 0.012965
4 0.357509 0.763878 0.458089 0.018151
4 0.481498 0.791969 0.801350 0.029387
4 0.484552 0.825246 0.809901 0.030252
4 0.378276 0.853337 0.604678 0.017287
4 0.414312 0.875377 0.564366 0.014694
4 0.366060 0.896985 0.472748 0.012965
4 0.378275 0.918594 0.509395 0.012965
