5 0.514318 0.940852 0.156324 0.040612
5 0.848528 0.931480 0.107809 0.028116
6 0.243447 0.101531 0.256047 0.017703
8 0.182804 0.154639 0.134762 0.017703
10 0.548683 0.199417 0.734452 0.053108
4 0.552052 0.245757 0.733104 0.031240
10 0.550704 0.338436 0.741190 0.143705
10 0.554073 0.459231 0.737147 0.085390
10 0.448285 0.552432 0.390809 0.096845
8 0.371471 0.652400 0.517485 0.017703
10 0.498821 0.679475 0.621252 0.017703
4 0.417290 0.704467 0.420457 0.013537
4 0.380230 0.725815 0.346338 0.016661
10 0.393707 0.741956 0.424500 0.021868
4 0.564854 0.779965 0.718280 0.033323
4 0.561485 0.817974 0.716933 0.034364
4 0.562159 0.855982 0.710195 0.031240
4 0.515666 0.884099 0.617209 0.016661
