6 0.528014 0.072402 0.247529 0.051966
10 0.260249 0.130180 0.150588 0.014359
10 0.718132 0.130522 0.253176 0.017778
10 0.297426 0.185906 0.219294 0.016410
10 0.291779 0.215992 0.213647 0.032821
10 0.282838 0.245051 0.192000 0.015726
10 0.538367 0.272744 0.539294 0.032820
10 0.516720 0.376334 0.669176 0.127863
10 0.555308 0.486495 0.605176 0.051282
10 0.554367 0.557606 0.601412 0.051282
4 0.552014 0.623247 0.596706 0.030769
4 0.410367 0.679315 0.322824 0.015726
4 0.388720 0.699828 0.283294 0.014359
4 0.366602 0.717948 0.233412 0.015043
10 0.468249 0.735726 0.438588 0.016410
10 0.468720 0.754871 0.439529 0.015043
10 0.409896 0.775384 0.318118 0.015043
4 0.346367 0.795555 0.198588 0.015727
