6 0.039797 0.074589 0.032918 0.017868
6 0.518747 0.078498 0.385135 0.018985
6 0.893184 0.082406 0.159650 0.020102
4 0.497351 0.117585 0.921691 0.050255
4 0.169822 0.177332 0.121795 0.017868
4 0.201093 0.215860 0.194213 0.021219
4 0.526977 0.270024 0.849272 0.051371
4 0.458673 0.326979 0.712665 0.024569
4 0.440568 0.367741 0.676455 0.030153
9 0.449621 0.442565 0.849272 0.063656
4 0.341816 0.659218 0.495409 0.027919
4 0.480069 0.709472 0.778500 0.030153
4 0.512164 0.773128 0.852564 0.050255
4 0.273512 0.841251 0.371968 0.025686
4 0.261168 0.890948 0.343988 0.029036
10 0.516279 0.946228 0.762041 0.034620
