6 0.175656 0.033018 0.146877 0.021372
6 0.553234 0.033018 0.178033 0.021372
6 0.943422 0.033018 0.029672 0.019235
10 0.390779 0.060802 0.244795 0.021372
10 0.315115 0.108889 0.105336 0.023510
10 0.251320 0.207736 0.093467 0.018166
10 0.348496 0.256892 0.308590 0.020304
10 0.370008 0.306049 0.336778 0.016029
10 0.296570 0.357342 0.189901 0.020304
10 0.528012 0.428405 0.810049 0.068391
10 0.226841 0.509085 0.192869 0.018166
10 0.732008 0.503742 0.262598 0.022441
8 0.171205 0.557173 0.084566 0.026715
4 0.440904 0.160597 0.560803 0.020304
10 0.528437 0.659640 0.818950 0.127165
10 0.539564 0.774516 0.841204 0.042745
