10 0.550021 0.119234 0.731739 0.053107
4 0.551369 0.172861 0.734435 0.029157
4 0.552043 0.209307 0.738477 0.035405
4 0.550021 0.244712 0.737130 0.035405
10 0.554738 0.300423 0.743868 0.038529
10 0.563497 0.403513 0.718264 0.142660
10 0.564845 0.543570 0.720959 0.124958
8 0.269724 0.636247 0.305902 0.020826
10 0.552717 0.687792 0.742520 0.073933
8 0.281178 0.743503 0.194052 0.014578
4 0.353948 0.762767 0.296469 0.011455
10 0.564171 0.800255 0.714221 0.051025
4 0.424022 0.838783 0.433923 0.015620
4 0.506225 0.858568 0.601023 0.015620
4 0.534524 0.877312 0.663012 0.019785
10 0.250184 0.912717 0.137454 0.017702
5 0.517006 0.940832 0.078160 0.038529
