6 0.044483 0.035785 0.036005 0.025569
6 0.519915 0.034622 0.394420 0.020920
6 0.888968 0.035203 0.157114 0.024407
10 0.081306 0.064840 0.063827 0.009298
10 0.844780 0.064259 0.108016 0.015109
9 0.469999 0.139803 0.844485 0.061597
9 0.478182 0.225226 0.851032 0.072057
9 0.483091 0.304256 0.857578 0.069733
9 0.469999 0.397815 0.831393 0.070895
9 0.469999 0.494278 0.831393 0.070895
9 0.477363 0.587256 0.846122 0.070895
9 0.469999 0.683138 0.834666 0.072057
9 0.463452 0.743574 0.818300 0.037191
9 0.467544 0.798779 0.826483 0.038353
9 0.448723 0.875485 0.798661 0.070895
9 0.456088 0.942312 0.797024 0.020920
