6 0.116637 0.076400 0.036982 0.020258
6 0.504354 0.077666 0.375787 0.016038
6 0.844949 0.084841 0.147929 0.016882
4 0.540144 0.102567 0.762311 0.028699
4 0.540740 0.138863 0.763504 0.030388
4 0.536565 0.175160 0.762311 0.030388
4 0.535968 0.211878 0.763504 0.027855
8 0.240110 0.238467 0.300630 0.013506
10 0.504951 0.266323 0.823153 0.032076
8 0.139900 0.297133 0.095438 0.016038
4 0.259198 0.319079 0.276770 0.012662
4 0.290812 0.332585 0.342384 0.014350
4 0.231759 0.345668 0.224279 0.010129
4 0.317057 0.359174 0.394875 0.015194
4 0.475126 0.373946 0.713399 0.016038
4 0.278285 0.386185 0.324489 0.015194
6 0.297373 0.401801 0.362665 0.016038
8 0.119620 0.423326 0.069193 0.015194
10 0.534179 0.451603 0.759926 0.029544
4 0.532986 0.486212 0.755154 0.027855
4 0.530600 0.522930 0.757540 0.028699
4 0.530600 0.560071 0.757540 0.028700
4 0.531196 0.594679 0.756347 0.027011
8 0.117234 0.621690 0.078736 0.013506
10 0.470355 0.646169 0.787364 0.018570
8 0.130953 0.665583 0.106175 0.013506
8 0.147655 0.687108 0.141964 0.016038
4 0.231163 0.708633 0.251718 0.011817
4 0.275899 0.722982 0.345963 0.015194
4 0.283057 0.739020 0.353121 0.011817
6 0.252636 0.752948 0.289893 0.014350
4 0.296777 0.768142 0.382945 0.014350
8 0.107690 0.788400 0.071579 0.014350
4 0.516284 0.814990 0.764697 0.027011
4 0.518074 0.852130 0.770662 0.028700
4 0.516881 0.890115 0.773048 0.028700
4 0.518670 0.923879 0.774241 0.027011
