5 0.517687 0.938769 0.079509 0.036447
5 0.804730 0.927835 0.117243 0.031240
8 0.211104 0.672186 0.194057 0.015620
10 0.517687 0.709674 0.812614 0.040612
8 0.366080 0.619598 0.355771 0.018744
8 0.374166 0.499323 0.514790 0.013537
8 0.256923 0.551390 0.283000 0.015620
10 0.382252 0.523795 0.398895 0.020827
10 0.380904 0.578465 0.398895 0.019785
8 0.258945 0.099448 0.295128 0.019785
10 0.524426 0.126523 0.677852 0.023951
8 0.325652 0.166615 0.420457 0.020827
10 0.550704 0.200979 0.738495 0.035406
8 0.243447 0.238467 0.264133 0.016661
10 0.550704 0.280121 0.735799 0.049984
10 0.551378 0.353015 0.737147 0.091638
10 0.555421 0.421743 0.739842 0.033323
4 0.551378 0.457149 0.739842 0.031240
