6 0.122669 0.049372 0.163701 0.025994
6 0.535162 0.047009 0.200979 0.023631
6 0.960621 0.039919 0.037278 0.023631
8 0.532730 0.074185 0.108593 0.021268
8 0.529489 0.132081 0.461927 0.021268
10 0.533541 0.171072 0.683977 0.021268
4 0.360115 0.208291 0.421407 0.020086
4 0.562715 0.252600 0.816882 0.051989
4 0.571629 0.313450 0.847677 0.050807
4 0.541645 0.376072 0.881714 0.050807
4 0.527058 0.423925 0.852539 0.016542
10 0.509229 0.485366 0.927096 0.077983
9 0.481675 0.680323 0.868747 0.248127
9 0.483296 0.847514 0.846056 0.060259
9 0.481675 0.915453 0.839573 0.042536
