6 0.093039 0.083214 0.039090 0.019015
6 0.480277 0.086671 0.373801 0.017287
6 0.822927 0.093154 0.150253 0.016422
4 0.516924 0.110872 0.742715 0.025930
4 0.331245 0.133777 0.388459 0.016422
4 0.370946 0.146310 0.538713 0.017287
4 0.460121 0.161868 0.714619 0.017287
10 0.501654 0.188663 0.792799 0.039759
8 0.177327 0.222372 0.217440 0.017287
10 0.305592 0.242684 0.464197 0.016422
4 0.444240 0.293247 0.685301 0.072604
8 0.180992 0.339489 0.234542 0.018151
4 0.435689 0.387460 0.680415 0.070875
10 0.471726 0.441481 0.825782 0.031980
10 0.213363 0.469139 0.306614 0.018151
8 0.438743 0.543904 0.488628 0.058775
9 0.438743 0.729737 0.640103 0.302517
