6 0.069514 0.078827 0.037759 0.020162
6 0.530484 0.077235 0.365000 0.014856
6 0.886832 0.076705 0.158901 0.013795
10 0.442381 0.105355 0.682802 0.011673
10 0.121432 0.158412 0.040905 0.018039
10 0.379450 0.156290 0.034612 0.022284
10 0.617801 0.153107 0.174634 0.015917
10 0.344837 0.203511 0.497156 0.019100
10 0.345624 0.254445 0.476703 0.014856
10 0.388889 0.293707 0.563233 0.021223
10 0.191443 0.344642 0.174634 0.019100
8 0.523404 0.383373 0.744160 0.026528
8 0.523404 0.433777 0.401186 0.021223
10 0.564310 0.895372 0.769333 0.150681
9 0.499805 0.629026 0.870022 0.320463
