6 0.134654 0.051719 0.149998 0.021201
6 0.529960 0.048009 0.190622 0.015900
6 0.943235 0.043239 0.029687 0.016960
10 0.506523 0.128041 0.881236 0.122964
8 0.505742 0.262135 0.104686 0.018021
8 0.508867 0.302416 0.114061 0.015900
8 0.511211 0.344817 0.706239 0.018021
8 0.511211 0.398879 0.874986 0.041341
4 0.425275 0.455061 0.693739 0.015900
10 0.130748 0.496932 0.042187 0.016960
4 0.514336 0.548873 0.871861 0.044521
10 0.134654 0.603465 0.124998 0.018021
10 0.718239 0.600285 0.079686 0.020141
10 0.516679 0.697278 0.879674 0.120844
10 0.406525 0.797980 0.662490 0.016961
10 0.158873 0.847272 0.142185 0.013780
10 0.886986 0.846742 0.101561 0.021201
10 0.890111 0.888083 0.085936 0.016961
5 0.129967 0.954335 0.140623 0.022261
