6 0.107526 0.050621 0.041787 0.016523
6 0.499583 0.049751 0.368706 0.014783
10 0.529694 0.084101 0.750932 0.040002
8 0.285734 0.118450 0.383455 0.011305
4 0.359475 0.131494 0.462112 0.011305
10 0.523549 0.154974 0.792718 0.028697
4 0.367463 0.176714 0.485463 0.013044
9 0.515560 0.260196 0.749703 0.143485
4 0.518019 0.363244 0.779199 0.012174
10 0.523549 0.388463 0.790260 0.027827
8 0.272214 0.412812 0.358874 0.013914
10 0.503885 0.442379 0.822215 0.027827
8 0.199088 0.469771 0.217537 0.013044
4 0.294337 0.484120 0.341668 0.010435
10 0.519248 0.518469 0.791489 0.053046
8 0.154843 0.561515 0.131505 0.015653
10 0.475003 0.580646 0.771825 0.013914
10 0.299253 0.601082 0.420325 0.016523
9 0.376681 0.631518 0.462112 0.037393
10 0.503270 0.671085 0.820986 0.029567
9 0.372994 0.719783 0.494066 0.053916
9 0.366234 0.791526 0.478089 0.075656
9 0.367463 0.866747 0.483005 0.055655
10 0.194172 0.910227 0.136421 0.012174
