6 0.037531 0.098250 0.035620 0.021610
6 0.509501 0.094436 0.380490 0.021610
6 0.877848 0.099521 0.155434 0.019068
10 0.483595 0.144013 0.905081 0.052119
4 0.478738 0.191682 0.752885 0.017797
4 0.478738 0.224733 0.746409 0.020339
4 0.478738 0.256513 0.746409 0.020339
10 0.485214 0.335326 0.908320 0.050847
8 0.096628 0.382996 0.121433 0.021610
10 0.522454 0.447190 0.840317 0.076271
8 0.243158 0.508843 0.417730 0.024152
10 0.522454 0.585750 0.843555 0.116949
4 0.524073 0.680453 0.846794 0.049576
8 0.136297 0.725580 0.213722 0.022881
10 0.521644 0.819648 0.841936 0.147458
4 0.520835 0.946767 0.843555 0.053390
