5 0.518361 0.938248 0.153628 0.031240
5 0.826966 0.929397 0.110505 0.030199
10 0.373492 0.897636 0.521528 0.020827
10 0.553399 0.126002 0.735799 0.074977
4 0.537228 0.177028 0.703457 0.018744
10 0.555421 0.276997 0.739842 0.143705
10 0.556095 0.386858 0.738495 0.071853
10 0.514992 0.448818 0.804528 0.037488
10 0.551378 0.503488 0.737147 0.048943
10 0.553399 0.587837 0.741190 0.113506
8 0.296004 0.676351 0.366552 0.021868
10 0.519035 0.719567 0.807223 0.054150
4 0.284550 0.764344 0.203490 0.012496
4 0.268378 0.783089 0.163062 0.016661
8 0.326326 0.801833 0.278957 0.018744
4 0.269726 0.821618 0.128024 0.016661
4 0.322957 0.839321 0.234486 0.014579
4 0.367428 0.858065 0.323428 0.016661
4 0.352604 0.877330 0.285695 0.013537
