6 0.104612 0.027156 0.036715 0.020723
6 0.533447 0.027701 0.348061 0.026176
6 0.863151 0.027156 0.140987 0.027267
10 0.244865 0.315092 0.270225 0.025085
10 0.498200 0.365808 0.779834 0.030539
10 0.203743 0.417615 0.196794 0.020723
8 0.502606 0.468331 0.465550 0.026176
8 0.498935 0.533226 0.713746 0.053443
10 0.181714 0.597575 0.161547 0.020723
10 0.391726 0.601393 0.140987 0.026176
10 0.653873 0.602483 0.289317 0.021813
10 0.594395 0.643383 0.176234 0.020723
10 0.535650 0.851701 0.728432 0.059987
10 0.511348 0.080475 0.801863 0.076347
4 0.505473 0.172091 0.798925 0.052352
4 0.504005 0.250074 0.795988 0.053443
