6 0.114949 0.055777 0.034204 0.016422
6 0.505241 0.055345 0.365250 0.015558
6 0.833233 0.057938 0.129486 0.017287
9 0.470426 0.103747 0.632774 0.065689
8 0.146710 0.169869 0.102612 0.016422
8 0.259705 0.189749 0.318830 0.014694
10 0.471648 0.211789 0.745158 0.013829
4 0.526619 0.237719 0.794021 0.027659
4 0.524786 0.265810 0.787913 0.025066
4 0.521732 0.294765 0.789135 0.027659
10 0.249322 0.320696 0.307836 0.017287
10 0.467983 0.341440 0.747601 0.017287
9 0.478977 0.458557 0.752488 0.204847
4 0.504630 0.599444 0.823339 0.025066
4 0.502798 0.634449 0.819674 0.025930
4 0.502798 0.669887 0.824560 0.025930
4 0.265813 0.698410 0.350591 0.015558
4 0.351934 0.717425 0.522832 0.008643
4 0.267035 0.739466 0.355477 0.014694
4 0.274364 0.761507 0.372579 0.013829
4 0.272532 0.781818 0.368914 0.014694
4 0.273754 0.803427 0.371357 0.016422
4 0.270700 0.824171 0.367693 0.018151
8 0.278640 0.844051 0.383573 0.012965
4 0.266424 0.865227 0.354256 0.015558
10 0.499744 0.893750 0.823339 0.029387
