6 0.069628 0.037145 0.041718 0.022352
6 0.504691 0.042999 0.360566 0.019159
6 0.838438 0.044596 0.146014 0.022352
10 0.322918 0.068544 0.309908 0.023416
10 0.293119 0.118038 0.244351 0.028738
10 0.198508 0.165935 0.073007 0.022352
10 0.204468 0.213831 0.070027 0.020223
10 0.252146 0.264389 0.165384 0.021288
10 0.239481 0.311754 0.143035 0.018094
10 0.279639 0.365384 0.219022 0.022352
4 0.453217 0.415942 0.730072 0.021287
4 0.261759 0.462775 0.281599 0.019159
4 0.242390 0.510139 0.150484 0.022352
4 0.263994 0.558036 0.181773 0.026609
4 0.234940 0.609658 0.138565 0.021287
4 0.259524 0.657023 0.280109 0.020223
4 0.244625 0.709710 0.151974 0.021287
4 0.261759 0.757606 0.189223 0.019159
4 0.236430 0.806568 0.135585 0.019159
4 0.258034 0.857125 0.292029 0.018094
