6 0.529816 0.099969 0.677852 0.022910
8 0.223233 0.129126 0.218314 0.024992
10 0.523078 0.178069 0.815309 0.052067
4 0.386295 0.226492 0.355771 0.019785
4 0.308133 0.243674 0.210228 0.018744
4 0.327673 0.263980 0.246614 0.017703
10 0.517014 0.373321 0.805876 0.161408
10 0.517687 0.539935 0.809918 0.128085
10 0.517687 0.670624 0.809918 0.095803
10 0.517687 0.790899 0.809918 0.117672
10 0.518361 0.885661 0.808571 0.040612
5 0.521057 0.940852 0.080857 0.030199
5 0.850549 0.933562 0.109157 0.030199
