8 0.207062 0.100489 0.188667 0.017703
10 0.521057 0.151515 0.808571 0.073935
10 0.517687 0.216078 0.807223 0.036447
10 0.517014 0.269707 0.805876 0.054150
10 0.519709 0.323336 0.803180 0.034364
10 0.517014 0.395189 0.805876 0.090597
10 0.515666 0.479017 0.808571 0.058315
8 0.246816 0.549828 0.262786 0.022909
10 0.514992 0.611788 0.804528 0.092679
10 0.517687 0.766427 0.804528 0.199938
10 0.515666 0.898157 0.805876 0.040612
5 0.516340 0.939810 0.154976 0.032282
5 0.816185 0.949703 0.107809 0.033323
