5 0.517687 0.938769 0.076814 0.038530
10 0.296678 0.907529 0.243919 0.015620
4 0.327000 0.869520 0.185971 0.016661
4 0.295330 0.889305 0.122633 0.018744
8 0.274442 0.851817 0.199447 0.014579
4 0.412573 0.813808 0.238528 0.011455
4 0.432114 0.833073 0.283000 0.014579
10 0.384273 0.743518 0.405633 0.031240
8 0.297352 0.771634 0.134762 0.018744
10 0.374840 0.789337 0.163062 0.014579
8 0.215821 0.708112 0.200795 0.012496
8 0.178762 0.682078 0.134762 0.018744
10 0.555421 0.523795 0.737147 0.235343
10 0.552052 0.339477 0.735799 0.127044
8 0.312850 0.268145 0.252005 0.013537
8 0.248838 0.099969 0.134762 0.016661
10 0.553399 0.174945 0.733104 0.127044
