6 0.118003 0.049726 0.037869 0.019880
6 0.505241 0.050159 0.370136 0.019015
4 0.168698 0.073063 0.127043 0.016422
9 0.464319 0.180673 0.251644 0.145208
8 0.219394 0.285690 0.243093 0.016422
8 0.327503 0.306866 0.451981 0.013829
9 0.428893 0.359158 0.547264 0.078655
8 0.293909 0.410154 0.404340 0.016422
8 0.414234 0.429602 0.517946 0.015558
9 0.386749 0.481894 0.470305 0.080383
8 0.226112 0.534186 0.268746 0.017287
8 0.412402 0.557523 0.521611 0.017287
9 0.386749 0.600308 0.470305 0.057910
8 0.140602 0.641796 0.107498 0.014694
8 0.180914 0.661676 0.178349 0.014694
10 0.500966 0.716561 0.820896 0.084705
10 0.499744 0.793919 0.820896 0.054453
