6 0.141902 0.085807 0.139259 0.012101
6 0.479055 0.088832 0.178349 0.016422
6 0.880952 0.091857 0.024431 0.017287
4 0.483331 0.110872 0.824560 0.027659
4 0.484552 0.144149 0.831890 0.028523
10 0.482109 0.190391 0.822117 0.048403
10 0.482720 0.256945 0.830668 0.044945
4 0.235352 0.292815 0.274853 0.016422
4 0.260394 0.313991 0.324938 0.017287
8 0.470504 0.387028 0.710954 0.037166
8 0.120524 0.457903 0.123379 0.014694
10 0.211531 0.481240 0.302950 0.019880
10 0.479055 0.536990 0.816009 0.044945
10 0.480277 0.583664 0.820895 0.043217
10 0.471726 0.658861 0.835554 0.096806
10 0.512648 0.729737 0.743937 0.041488
10 0.468061 0.779004 0.833111 0.044945
4 0.395988 0.815738 0.684080 0.016422
10 0.466229 0.850311 0.831890 0.044081
4 0.497989 0.894825 0.768368 0.024201
4 0.279328 0.925941 0.338375 0.019015
4 0.363617 0.948846 0.506952 0.012965
