6 0.130877 0.053230 0.027038 0.016523
6 0.522935 0.050621 0.373622 0.014783
6 0.861530 0.050186 0.146253 0.017392
10 0.527236 0.091927 0.814841 0.057394
4 0.567179 0.142364 0.742329 0.026088
4 0.305398 0.162800 0.218766 0.011305
4 0.423384 0.175844 0.449822 0.011305
4 0.403105 0.189323 0.409264 0.010435
4 0.269142 0.202802 0.143795 0.011305
4 0.328135 0.216716 0.261781 0.011305
4 0.397575 0.231064 0.398203 0.010435
4 0.286963 0.243239 0.179437 0.012174
10 0.526007 0.298894 0.822215 0.083482
10 0.522320 0.381071 0.822215 0.070438
10 0.521706 0.444553 0.813612 0.040872
10 0.891026 0.476728 0.087260 0.013044
8 0.527851 0.498903 0.204017 0.010435
8 0.524778 0.519774 0.151170 0.010435
8 0.525393 0.540644 0.314629 0.010435
8 0.526007 0.563254 0.419096 0.013914
8 0.524778 0.581951 0.119215 0.016523
10 0.809296 0.604560 0.253178 0.011305
10 0.849240 0.625866 0.165918 0.012174
10 0.850469 0.646301 0.163460 0.014783
8 0.523549 0.668042 0.062680 0.014783
10 0.522320 0.692825 0.819757 0.027827
10 0.519862 0.735871 0.824673 0.039132
9 0.508801 0.839354 0.598533 0.155660
