10 0.550695 0.164010 0.735782 0.146826
8 0.405830 0.276472 0.591590 0.021868
8 0.197628 0.301985 0.175186 0.020826
10 0.552717 0.398827 0.737130 0.164528
10 0.552717 0.511289 0.739825 0.058314
8 0.225253 0.556066 0.227742 0.018744
10 0.554738 0.618545 0.735782 0.091636
8 0.229296 0.701850 0.235828 0.018744
8 0.250857 0.727362 0.273560 0.017702
10 0.552043 0.768495 0.738477 0.052066
8 0.395049 0.810147 0.427185 0.018744
10 0.564171 0.855444 0.714221 0.057272
5 0.518353 0.941353 0.088941 0.033322
