10 0.550695 0.126002 0.738477 0.070810
4 0.385616 0.184316 0.362501 0.012496
4 0.563497 0.210869 0.712873 0.032281
4 0.564171 0.247315 0.714221 0.032281
4 0.437498 0.276993 0.463570 0.018744
10 0.331039 0.318646 0.431228 0.020826
10 0.552043 0.379563 0.733087 0.088512
4 0.564171 0.453496 0.714221 0.032281
4 0.562824 0.489422 0.711526 0.035405
10 0.550695 0.565958 0.741172 0.109338
10 0.308804 0.682586 0.389452 0.019785
10 0.550695 0.735693 0.735782 0.069768
10 0.552043 0.800255 0.738477 0.051025
10 0.554064 0.874709 0.734435 0.089553
5 0.517679 0.938229 0.074117 0.033322
