6 0.160512 0.086468 0.150811 0.017073
6 0.493050 0.090203 0.182482 0.018140
6 0.887422 0.091804 0.042227 0.019207
8 0.155233 0.126484 0.140254 0.013872
10 0.339192 0.147778 0.506603 0.015902
9 0.306417 0.221655 0.328683 0.123901
8 0.496510 0.295201 0.160128 0.015239
10 0.495429 0.321955 0.826569 0.025018
10 0.493225 0.355783 0.834148 0.026930
4 0.305304 0.383274 0.394873 0.010099
4 0.171296 0.396653 0.122720 0.010116
4 0.306527 0.411828 0.393182 0.011802
4 0.427460 0.427002 0.630282 0.010116
4 0.236826 0.439648 0.256164 0.011802
4 0.293421 0.454401 0.369353 0.014332
4 0.245167 0.468311 0.272844 0.011802
10 0.464395 0.484329 0.706536 0.016861
10 0.518607 0.507933 0.767300 0.026977
10 0.524564 0.550085 0.772066 0.040465
10 0.518607 0.591815 0.767300 0.024448
10 0.519798 0.632702 0.769683 0.042151
4 0.517415 0.674853 0.762535 0.028663
8 0.175466 0.702252 0.202548 0.014332
10 0.488224 0.731758 0.832831 0.029506
8 0.144488 0.759999 0.145358 0.015175
4 0.256485 0.783183 0.312163 0.009273
4 0.167126 0.795407 0.133444 0.011802
4 0.226699 0.808895 0.252590 0.011802
4 0.307718 0.820698 0.414628 0.013488
4 0.304144 0.836715 0.402714 0.011802
4 0.245762 0.848939 0.293099 0.012645
4 0.235039 0.863271 0.274036 0.009273
4 0.323207 0.876759 0.450372 0.010959
8 0.101000 0.900364 0.063147 0.012646
10 0.512054 0.926498 0.768492 0.026134
