6 0.110218 0.052945 0.035802 0.023029
6 0.499156 0.051793 0.367782 0.016120
6 0.836018 0.052369 0.149717 0.024180
8 0.154971 0.075974 0.056957 0.013817
4 0.395819 0.096700 0.476815 0.013817
4 0.381173 0.115123 0.447522 0.013817
10 0.531703 0.137576 0.748583 0.014969
4 0.311197 0.158303 0.314079 0.014969
8 0.169617 0.179604 0.148089 0.016120
9 0.502411 0.233147 0.816932 0.086359
10 0.268885 0.290144 0.349881 0.016120
10 0.512988 0.316051 0.799031 0.028786
10 0.511361 0.356928 0.792521 0.039149
4 0.513802 0.398380 0.797403 0.029938
4 0.506479 0.427166 0.786012 0.013817
8 0.415347 0.445590 0.525635 0.013817
9 0.420229 0.499708 0.418230 0.080602
8 0.119169 0.552099 0.060212 0.014969
4 0.361645 0.571674 0.476815 0.014969
4 0.326656 0.594127 0.403584 0.013817
4 0.518684 0.622337 0.787639 0.031089
4 0.277836 0.650548 0.309197 0.016120
8 0.157412 0.671274 0.143207 0.018423
10 0.501597 0.704666 0.825068 0.041452
10 0.504852 0.761087 0.821814 0.057573
10 0.503224 0.829599 0.828323 0.070239
10 0.409651 0.879687 0.644432 0.013817
