6 0.178567 0.058126 0.143207 0.014969
6 0.512175 0.057551 0.179009 0.016120
8 0.241220 0.077701 0.268513 0.012666
8 0.170430 0.096124 0.126934 0.019575
4 0.469050 0.117426 0.727427 0.016120
4 0.515429 0.146212 0.820186 0.029938
4 0.496715 0.171544 0.786012 0.013817
10 0.513802 0.206663 0.816932 0.042604
10 0.510547 0.254449 0.820186 0.043755
10 0.509734 0.304537 0.818559 0.042604
8 0.153343 0.337929 0.109033 0.014969
10 0.494274 0.361534 0.790894 0.018423
8 0.150902 0.381684 0.104151 0.019575
10 0.506479 0.407592 0.821814 0.027635
10 0.508106 0.442135 0.821814 0.027635
10 0.506479 0.483588 0.815304 0.039149
10 0.505665 0.526191 0.816932 0.029938
10 0.504852 0.559008 0.818559 0.031089
10 0.262376 0.588945 0.336862 0.017272
10 0.407210 0.610823 0.623277 0.019575
10 0.419416 0.633276 0.650942 0.018423
8 0.345371 0.652275 0.356390 0.019575
9 0.346185 0.801388 0.276650 0.276348
