10 0.141721 0.078797 0.150473 0.020429
10 0.532950 0.079334 0.189596 0.021504
10 0.922674 0.078797 0.027085 0.024730
10 0.541226 0.131482 0.726783 0.074189
10 0.503608 0.261043 0.811048 0.120423
4 0.501351 0.377165 0.818571 0.047309
8 0.519408 0.441677 0.400257 0.017203
8 0.500599 0.488986 0.191100 0.021504
9 0.504360 0.552961 0.821581 0.059136
8 0.501351 0.637902 0.096302 0.020429
10 0.489313 0.748110 0.788477 0.049459
10 0.149245 0.812622 0.126397 0.017203
10 0.614205 0.810472 0.072227 0.023654
10 0.497589 0.913154 0.814057 0.127949
