5 0.517014 0.937207 0.150933 0.037488
5 0.825618 0.937728 0.107809 0.030199
10 0.560137 0.110903 0.749276 0.028116
8 0.397749 0.171301 0.570042 0.017703
4 0.518361 0.206186 0.808571 0.037488
10 0.518361 0.270228 0.811266 0.071853
4 0.519035 0.331667 0.809918 0.034364
4 0.515666 0.375924 0.811266 0.035406
10 0.550704 0.439967 0.738495 0.065604
4 0.550704 0.495158 0.735799 0.032282
4 0.550030 0.533167 0.731757 0.037488
10 0.552052 0.601895 0.735799 0.068729
10 0.517687 0.683120 0.809918 0.070811
8 0.465804 0.761741 0.706152 0.019785
8 0.345192 0.786213 0.470319 0.016661
10 0.552726 0.848693 0.739842 0.089555
