5 0.517014 0.940852 0.156324 0.032282
5 0.888956 0.941372 0.107809 0.024992
8 0.454349 0.099448 0.537700 0.015620
10 0.552726 0.162970 0.737147 0.109341
8 0.488040 0.248360 0.607776 0.017703
10 0.564180 0.293138 0.714238 0.053108
10 0.566876 0.369155 0.716933 0.088514
4 0.581699 0.433719 0.681895 0.032282
4 0.580352 0.470166 0.681895 0.034364
10 0.552052 0.515464 0.743885 0.052067
10 0.514992 0.613871 0.807223 0.088514
10 0.553399 0.724253 0.743885 0.107258
8 0.245469 0.817453 0.268176 0.018744
10 0.517014 0.871082 0.803180 0.076018
