5 0.517014 0.938248 0.150933 0.031240
5 0.888956 0.923149 0.107809 0.028116
10 0.517687 0.765386 0.807223 0.052067
4 0.415269 0.812767 0.411024 0.015620
4 0.379557 0.832032 0.353076 0.016661
4 0.333064 0.849734 0.252005 0.018744
4 0.361364 0.871603 0.308605 0.018744
4 0.299373 0.889305 0.187319 0.014579
4 0.417964 0.909612 0.424500 0.017703
9 0.532511 0.467562 0.688633 0.049984
10 0.550704 0.694575 0.741190 0.072894
9 0.539923 0.566490 0.706152 0.143705
6 0.469173 0.126523 0.704804 0.019785
10 0.442221 0.154639 0.508052 0.011455
10 0.518361 0.216599 0.805876 0.093721
4 0.514992 0.288972 0.801833 0.032282
10 0.517014 0.342081 0.808571 0.055191
10 0.515666 0.395189 0.808571 0.040612
