6 0.161374 0.067959 0.138385 0.016882
6 0.478109 0.071335 0.168210 0.013506
6 0.853300 0.078088 0.033403 0.020258
8 0.482881 0.111852 0.094245 0.013506
8 0.481091 0.130844 0.150315 0.016038
10 0.173900 0.147304 0.165824 0.013506
10 0.477512 0.186133 0.775434 0.054023
10 0.475723 0.233825 0.779013 0.031232
10 0.142286 0.257038 0.109754 0.013506
4 0.401162 0.281095 0.634663 0.021103
10 0.473337 0.311482 0.774241 0.046426
8 0.183444 0.344402 0.201613 0.016038
10 0.470355 0.381543 0.777820 0.056555
4 0.250250 0.422482 0.344770 0.016882
10 0.466776 0.467641 0.777820 0.063308
10 0.169128 0.511535 0.187297 0.014350
10 0.462600 0.548253 0.779013 0.043893
10 0.408916 0.581173 0.671645 0.016882
10 0.460214 0.618736 0.781399 0.051490
4 0.287233 0.659253 0.440208 0.016038
4 0.281268 0.678667 0.430664 0.017726
10 0.761441 0.724671 0.164631 0.018570
10 0.702388 0.744507 0.282735 0.016038
5 0.459021 0.879563 0.619154 0.027855
5 0.753090 0.908263 0.195648 0.027855
