6 0.035869 0.073997 0.041362 0.020524
6 0.516493 0.068564 0.390456 0.016902
6 0.892886 0.066149 0.150557 0.019317
8 0.495813 0.099954 0.216736 0.019317
8 0.495813 0.133759 0.243208 0.019317
8 0.496640 0.177826 0.483106 0.047085
8 0.218688 0.225515 0.363984 0.019317
10 0.533038 0.315460 0.853708 0.138842
10 0.536347 0.447662 0.853708 0.089342
10 0.539656 0.549076 0.857017 0.050707
8 0.226961 0.619704 0.370602 0.018110
10 0.539656 0.693351 0.853708 0.085720
8 0.266668 0.774241 0.304423 0.022939
10 0.280731 0.820119 0.229972 0.020524
10 0.811817 0.812875 0.140630 0.020524
10 0.884614 0.859961 0.186956 0.020524
10 0.809335 0.882296 0.122431 0.021732
10 0.352701 0.878071 0.373911 0.039841
10 0.271631 0.923949 0.208464 0.022939
