6 0.223232 0.125481 0.223699 0.015620
6 0.880180 0.100490 0.144192 0.015620
8 0.222558 0.161928 0.222352 0.015620
8 0.304761 0.189002 0.389452 0.017702
10 0.540588 0.281679 0.761386 0.148908
8 0.255574 0.395182 0.291079 0.015620
10 0.540588 0.430587 0.761386 0.036446
8 0.252879 0.484736 0.285688 0.015620
10 0.539915 0.519620 0.760039 0.037487
10 0.538567 0.562314 0.757343 0.031240
10 0.538567 0.600842 0.765429 0.037487
8 0.260964 0.661239 0.291079 0.016661
10 0.540588 0.694561 0.761386 0.035405
4 0.283873 0.733610 0.159015 0.015620
4 0.300044 0.751833 0.188662 0.016661
4 0.279830 0.771618 0.150930 0.012496
4 0.270397 0.790362 0.126673 0.016661
8 0.286568 0.838263 0.350372 0.020826
10 0.501508 0.883039 0.688617 0.054148
5 0.519701 0.941353 0.191357 0.035405
5 0.890287 0.946039 0.115892 0.030198
