6 0.160443 0.052396 0.146468 0.022872
6 0.521588 0.048237 0.188111 0.020793
6 0.900682 0.049797 0.027283 0.025991
10 0.506510 0.139725 0.778292 0.147627
10 0.139621 0.244727 0.047387 0.022872
10 0.138903 0.289951 0.057439 0.021832
10 0.640055 0.289951 0.238370 0.019753
0 0.392351 0.341413 0.555718 0.018713
10 0.480663 0.439138 0.821371 0.122676
10 0.169777 0.538942 0.050259 0.018713
10 0.579744 0.536863 0.054567 0.018713
10 0.176238 0.582087 0.057439 0.023911
10 0.666620 0.584686 0.234062 0.022872
10 0.652260 0.706323 0.188111 0.027030
10 0.604156 0.852391 0.097646 0.019753
