10 0.064176 0.043955 0.038329 0.026288
6 0.527320 0.048735 0.370516 0.026288
6 0.887455 0.053515 0.151720 0.021508
8 0.492984 0.079205 0.100614 0.027483
8 0.494581 0.135366 0.439189 0.032263
8 0.496178 0.189735 0.410442 0.026288
9 0.457050 0.312811 0.811301 0.203135
8 0.091326 0.447239 0.083047 0.027483
10 0.498573 0.535065 0.900736 0.095593
10 0.333279 0.617515 0.586117 0.028678
8 0.134446 0.674870 0.169287 0.026288
10 0.354040 0.729837 0.483906 0.026288
10 0.359630 0.782413 0.498279 0.033458
4 0.492185 0.852913 0.900736 0.062136
4 0.495379 0.935959 0.900736 0.058551
