5 0.876828 0.930959 0.110505 0.031240
5 0.518361 0.941372 0.159019 0.031240
5 0.223907 0.912215 0.222357 0.020827
4 0.552052 0.863272 0.738495 0.035406
4 0.550704 0.824742 0.735799 0.037488
4 0.551378 0.789857 0.729061 0.028116
8 0.227950 0.756014 0.225052 0.016661
8 0.419985 0.727377 0.609123 0.015620
10 0.564180 0.661252 0.714238 0.052067
4 0.561574 0.109514 0.711542 0.035406
4 0.581788 0.146482 0.676504 0.038530
4 0.581788 0.193863 0.676504 0.052067
4 0.581114 0.239161 0.680547 0.034364
4 0.566290 0.277170 0.712890 0.033323
10 0.564943 0.325072 0.712890 0.054150
10 0.566290 0.378701 0.712890 0.053108
4 0.564269 0.428685 0.716933 0.036447
4 0.583135 0.465132 0.679199 0.032282
4 0.420747 0.492207 0.365205 0.013537
4 0.583809 0.529175 0.683242 0.054150
10 0.564269 0.594779 0.716933 0.070811
