8 0.508688 0.075535 0.344566 0.015729
8 0.509193 0.098414 0.347598 0.015729
8 0.509193 0.117360 0.254636 0.013584
10 0.214139 0.154538 0.131360 0.016444
10 0.753219 0.150606 0.231395 0.012869
10 0.220707 0.183852 0.140454 0.013584
10 0.229296 0.201368 0.159652 0.012869
10 0.259610 0.220315 0.216238 0.015014
10 0.535970 0.270004 0.669934 0.050047
10 0.537486 0.312902 0.664882 0.032888
10 0.510203 0.399770 0.721467 0.036463
10 0.508688 0.459469 0.720457 0.050047
10 0.465238 0.513449 0.524428 0.016444
10 0.738062 0.617118 0.257667 0.013584
10 0.735030 0.639639 0.271813 0.015729
10 0.767870 0.661803 0.202092 0.014299
