6 0.110674 0.055345 0.030539 0.015558
6 0.503409 0.053616 0.371357 0.013829
4 0.375755 0.076089 0.550928 0.012101
4 0.313455 0.098129 0.431214 0.012965
4 0.341551 0.118009 0.489850 0.011236
4 0.357431 0.138321 0.516724 0.010372
4 0.475923 0.159929 0.758595 0.015558
10 0.508906 0.194503 0.822117 0.041488
4 0.425228 0.229076 0.654762 0.010372
3 0.210843 0.250684 0.218661 0.013829
10 0.509517 0.278775 0.823339 0.028523
4 0.429504 0.303841 0.665756 0.014694
10 0.507074 0.339711 0.818452 0.039759
10 0.510127 0.388546 0.827003 0.040624
4 0.508295 0.428737 0.820895 0.025930
10 0.510127 0.504799 0.824560 0.114092
10 0.507074 0.593825 0.825782 0.053589
8 0.285358 0.637474 0.375022 0.014694
9 0.466151 0.790030 0.685301 0.278316
