6 0.060391 0.048620 0.033657 0.018662
6 0.528386 0.047522 0.373435 0.020858
6 0.890601 0.045876 0.149053 0.019760
10 0.508352 0.100215 0.830211 0.075746
10 0.138924 0.180901 0.219573 0.019760
10 0.509955 0.267076 0.823800 0.099897
4 0.511557 0.372462 0.830211 0.045009
8 0.257526 0.437231 0.447160 0.018662
10 0.513961 0.540970 0.835019 0.133928
10 0.515564 0.672702 0.831813 0.072453
4 0.512359 0.766013 0.828608 0.054888
8 0.144534 0.813217 0.214765 0.019760
10 0.520372 0.873045 0.835019 0.073551
10 0.517968 0.961964 0.833416 0.045009
