6 0.043912 0.084777 0.034563 0.026281
6 0.524508 0.090310 0.383489 0.026281
6 0.894007 0.095843 0.148129 0.023515
8 0.499820 0.151863 0.126733 0.027664
8 0.498997 0.214800 0.365385 0.034580
10 0.490767 0.306783 0.921691 0.096825
10 0.094111 0.467236 0.128378 0.027664
10 0.703908 0.478994 0.087231 0.031814
10 0.488299 0.582735 0.926628 0.134172
10 0.197801 0.762553 0.352218 0.034580
10 0.058725 0.824106 0.070773 0.022131
10 0.636428 0.897417 0.110274 0.022131
10 0.652886 0.963811 0.070773 0.027664
