6 0.148620 0.086671 0.145367 0.017287
6 0.483941 0.087103 0.175906 0.012965
6 0.883395 0.090128 0.041533 0.015558
8 0.483941 0.166190 0.684080 0.032845
9 0.496157 0.364123 0.708511 0.345734
8 0.441186 0.611755 0.329824 0.021608
6 0.157782 0.656700 0.185679 0.018151
10 0.430192 0.677012 0.728056 0.012101
4 0.188321 0.691274 0.112384 0.014694
4 0.190764 0.705535 0.119714 0.013829
4 0.227412 0.718068 0.190565 0.012965
4 0.311089 0.732762 0.357920 0.012965
4 0.222525 0.747455 0.180792 0.014694
4 0.182824 0.758260 0.101390 0.013829
4 0.221914 0.772953 0.179571 0.013829
4 0.198094 0.786783 0.134373 0.010372
4 0.237795 0.801476 0.213775 0.012101
4 0.199926 0.814874 0.138037 0.012965
4 0.217028 0.828703 0.169798 0.011236
4 0.259172 0.841668 0.258973 0.014694
4 0.244514 0.855930 0.229655 0.015558
4 0.210920 0.871055 0.164912 0.014694
4 0.254897 0.885317 0.245536 0.013829
4 0.191986 0.899146 0.122157 0.013829
4 0.190764 0.912976 0.127043 0.013829
4 0.210920 0.927237 0.160026 0.014694
4 0.216417 0.940634 0.175906 0.013829
4 0.211531 0.955328 0.171020 0.015558
