6 0.196954 0.132771 0.171143 0.017702
6 0.853228 0.113506 0.136106 0.016661
8 0.225927 0.179109 0.226395 0.035405
10 0.517006 0.215555 0.808552 0.035405
4 0.518353 0.261894 0.805857 0.034363
4 0.492075 0.291571 0.755996 0.018744
4 0.515658 0.319687 0.803161 0.033322
8 0.165959 0.367588 0.109154 0.016661
4 0.518353 0.400910 0.805857 0.029157
4 0.500161 0.457661 0.656275 0.069768
10 0.522396 0.532636 0.819332 0.034363
4 0.434803 0.561793 0.641451 0.019785
4 0.516332 0.581057 0.807204 0.012496
10 0.525091 0.624793 0.716916 0.072892
5 0.206387 0.904386 0.190010 0.017702
5 0.518353 0.938750 0.185967 0.034363
5 0.859293 0.915320 0.113197 0.031240
