9 0.570026 0.696192 0.699231 0.426354
10 0.768284 0.228784 0.305360 0.088401
4 0.340709 0.350057 0.303809 0.118754
10 0.783398 0.136747 0.271697 0.027128
4 0.340228 0.210612 0.301581 0.133768
10 0.783896 0.358377 0.272248 0.103734
8 0.502122 0.081774 0.822021 0.025914
10 0.407578 0.464109 0.372517 0.012279
5 0.903449 0.964689 0.025347 0.009613
8 0.706176 0.170276 0.247955 0.011762
8 0.416121 0.443983 0.452011 0.012075
8 0.279886 0.129384 0.246980 0.012086
8 0.767027 0.292678 0.302098 0.011925
7 0.429757 0.033911 0.860891 0.020793
4 0.279886 0.129384 0.246980 0.012086
6 0.852308 0.053563 0.133653 0.015330
