9 0.504395 0.344167 0.827941 0.196111
9 0.504250 0.685091 0.826512 0.087754
9 0.504095 0.169955 0.826586 0.099410
9 0.504048 0.564253 0.826234 0.073542
9 0.504163 0.822795 0.826171 0.099569
5 0.904187 0.964641 0.024370 0.008442
8 0.486241 0.081391 0.786856 0.023968
8 0.230284 0.633106 0.276990 0.011026
8 0.249724 0.761894 0.315284 0.011178
8 0.267827 0.497952 0.351787 0.011168
8 0.204130 0.239887 0.224125 0.011002
1 0.442136 0.882750 0.701338 0.009172
8 0.146498 0.519869 0.108987 0.009576
1 0.504080 0.457306 0.825608 0.020878
7 0.428234 0.032933 0.857032 0.018346
6 0.850418 0.053390 0.134938 0.014269
