10 0.292418 0.615968 0.400559 0.162475
10 0.719145 0.603352 0.402525 0.132105
4 0.720152 0.339636 0.400640 0.193169
10 0.292012 0.245329 0.399931 0.178052
10 0.719242 0.814342 0.403093 0.087428
10 0.718963 0.720338 0.402498 0.072433
10 0.292255 0.392595 0.400391 0.086899
10 0.292250 0.106283 0.400287 0.071866
4 0.293776 0.834435 0.400564 0.132425
4 0.719400 0.486590 0.399501 0.071433
4 0.718984 0.121113 0.398631 0.101188
10 0.292231 0.732985 0.400617 0.041528
4 0.719347 0.207863 0.400348 0.041697
10 0.291679 0.463887 0.398854 0.026241
10 0.719706 0.885656 0.402431 0.026375
8 0.291744 0.511886 0.399005 0.028956
5 0.903699 0.964840 0.025206 0.009503
7 0.430181 0.032817 0.862263 0.017863
6 0.850389 0.051979 0.137004 0.018020
