10 0.495883 0.193116 0.826361 0.027628
10 0.494759 0.145745 0.808126 0.012345
8 0.496226 0.124823 0.276820 0.025240
5 0.094185 0.965008 0.023228 0.012080
7 0.827132 0.031678 0.344738 0.015668
6 0.271212 0.031027 0.349830 0.012061
8 0.690789 0.078400 0.434950 0.020219
7 0.499878 0.310605 0.842521 0.174548
8 0.423285 0.236372 0.681546 0.018057
8 0.409005 0.326154 0.647793 0.017054
10 0.143527 0.507223 0.135011 0.038120
10 0.811442 0.488664 0.219393 0.067211
8 0.775093 0.434996 0.271320 0.024076
6 0.161702 0.046777 0.135011 0.014044
