10 0.521433 0.271610 0.794576 0.087493
9 0.520519 0.562850 0.794662 0.213988
9 0.520137 0.384865 0.792613 0.061652
10 0.521068 0.192798 0.793264 0.042263
9 0.521294 0.763998 0.795024 0.046979
10 0.505095 0.692230 0.826521 0.026987
8 0.158004 0.135809 0.131630 0.009662
8 0.217634 0.437313 0.251714 0.011726
5 0.905087 0.964749 0.022257 0.009059
8 0.503047 0.335225 0.822563 0.012166
8 0.431984 0.157051 0.679947 0.011862
8 0.328344 0.721534 0.473326 0.012000
8 0.152395 0.094144 0.091987 0.014107
10 0.543784 0.093802 0.630887 0.011815
7 0.349871 0.031124 0.700469 0.024559
6 0.714725 0.052244 0.113143 0.015718
6 0.852658 0.054209 0.137297 0.017682
