9 0.494203 0.865193 0.825893 0.136215
9 0.494863 0.452125 0.826227 0.271358
9 0.495063 0.692401 0.826611 0.135804
9 0.493732 0.219411 0.824752 0.118715
5 0.094840 0.964628 0.024719 0.008456
8 0.476810 0.082057 0.787221 0.025396
7 0.892994 0.031893 0.213483 0.015805
8 0.266022 0.780200 0.367228 0.011102
8 0.257824 0.298831 0.350553 0.011232
8 0.266391 0.606963 0.367739 0.011219
8 0.163237 0.140871 0.161419 0.011252
6 0.270805 0.031508 0.349797 0.010818
8 0.239250 0.118526 0.312985 0.011067
10 0.845921 0.791835 0.112132 0.009963
10 0.848527 0.152389 0.112396 0.009850
10 0.163237 0.140871 0.161419 0.011252
6 0.163347 0.045697 0.141308 0.016283
10 0.848197 0.308145 0.117757 0.014368
10 0.847627 0.619356 0.122930 0.013193
