4 0.726952 0.735646 0.371528 0.103862
9 0.528215 0.488928 0.763665 0.168308
4 0.727372 0.852401 0.371507 0.103992
4 0.743496 0.634034 0.339145 0.073902
4 0.317243 0.730586 0.338442 0.058124
4 0.317269 0.801936 0.338484 0.058469
4 0.317718 0.873175 0.339711 0.058396
4 0.513668 0.278171 0.797244 0.058535
4 0.513791 0.357141 0.797654 0.073264
4 0.316823 0.651207 0.337317 0.074462
4 0.497033 0.196225 0.830779 0.027576
4 0.452327 0.229575 0.609952 0.013118
10 0.315173 0.602371 0.335030 0.012654
8 0.187817 0.089287 0.211978 0.036785
5 0.095743 0.965135 0.025582 0.012287
10 0.497523 0.140538 0.829539 0.043798
6 0.270504 0.038481 0.351093 0.026777
7 0.893341 0.031748 0.213554 0.016496
