9 0.536725 0.301342 0.762956 0.433283
4 0.734331 0.726598 0.368378 0.087398
4 0.734180 0.828341 0.367374 0.087462
4 0.734301 0.632797 0.368163 0.071975
4 0.291777 0.731168 0.400221 0.116840
4 0.307896 0.832710 0.366597 0.056758
4 0.717268 0.907419 0.401099 0.041349
4 0.308042 0.896512 0.367178 0.041872
4 0.291393 0.607072 0.399529 0.101945
5 0.903473 0.964935 0.025366 0.009194
10 0.287928 0.529691 0.261787 0.008421
10 0.750106 0.568904 0.334510 0.025892
4 0.750106 0.568904 0.334510 0.025892
7 0.429642 0.033063 0.860095 0.018227
6 0.850897 0.054111 0.138203 0.017011
