10 0.760019 0.177910 0.305578 0.116979
10 0.759570 0.321163 0.306042 0.071388
10 0.403733 0.200055 0.379846 0.161481
10 0.403572 0.336077 0.379998 0.102343
8 0.674567 0.101973 0.133398 0.010513
5 0.905390 0.964584 0.022269 0.008448
8 0.272472 0.101118 0.115362 0.008814
8 0.785173 0.408511 0.263322 0.009169
8 0.145111 0.101518 0.104402 0.025971
8 0.138002 0.305711 0.092391 0.041546
8 0.138412 0.139986 0.093533 0.041920
10 0.138412 0.139986 0.093533 0.041920
6 0.850472 0.052995 0.128738 0.008845
6 0.712375 0.054676 0.115158 0.017012
7 0.349967 0.031775 0.701108 0.020938
10 0.815678 0.462966 0.223542 0.079826
10 0.156908 0.478669 0.135480 0.032716
