4 0.717443 0.574259 0.399973 0.208100
4 0.717706 0.789277 0.400824 0.193404
4 0.717919 0.366449 0.400735 0.177791
4 0.291324 0.758496 0.398747 0.100980
4 0.291516 0.634428 0.398697 0.116625
4 0.290811 0.442170 0.399338 0.239262
4 0.291420 0.875853 0.399766 0.102617
4 0.717431 0.166012 0.399839 0.193483
10 0.733801 0.913595 0.366984 0.026263
5 0.904979 0.964568 0.023236 0.008592
4 0.307230 0.189490 0.368097 0.238881
10 0.307230 0.189490 0.368097 0.238881
7 0.429335 0.033003 0.863459 0.018123
6 0.851920 0.052966 0.136941 0.017969
