4 0.735375 0.812661 0.370722 0.087158
4 0.751669 0.291500 0.337970 0.102166
4 0.719087 0.532627 0.402986 0.177454
4 0.734986 0.393065 0.369703 0.072329
4 0.342414 0.405003 0.302465 0.072587
4 0.751065 0.174775 0.337674 0.102718
4 0.734664 0.726024 0.369078 0.055848
4 0.324222 0.827750 0.335933 0.132885
4 0.341253 0.540277 0.300813 0.056967
4 0.342152 0.326008 0.302668 0.056803
4 0.341471 0.476414 0.300922 0.041757
4 0.342281 0.241718 0.303144 0.041444
4 0.341332 0.193028 0.300622 0.026559
4 0.735464 0.883311 0.370577 0.025334
4 0.324317 0.695616 0.335203 0.102602
4 0.734869 0.669401 0.369248 0.025794
4 0.341747 0.596189 0.301520 0.026927
8 0.502068 0.082003 0.821895 0.024895
5 0.903473 0.964677 0.025229 0.008914
8 0.236535 0.282763 0.159203 0.011291
8 0.573440 0.641870 0.111318 0.010810
8 0.324470 0.157318 0.334928 0.026323
8 0.228251 0.629751 0.207783 0.011245
8 0.241549 0.129287 0.234154 0.011251
7 0.417136 0.032305 0.833851 0.019826
6 0.850739 0.054114 0.133416 0.015861
