10 0.727489 0.259316 0.371558 0.164805
10 0.284604 0.692347 0.403323 0.225074
10 0.284535 0.463851 0.403074 0.164745
10 0.727618 0.428866 0.371795 0.149685
10 0.283548 0.301676 0.401464 0.134414
4 0.711098 0.674073 0.405087 0.316657
4 0.710304 0.882143 0.402674 0.073458
4 0.283779 0.889712 0.403743 0.058693
8 0.282872 0.191754 0.399950 0.030453
8 0.138210 0.565497 0.110295 0.013498
8 0.148375 0.824148 0.131107 0.013175
8 0.109637 0.220402 0.053170 0.013285
8 0.357056 0.082555 0.547595 0.033271
10 0.151024 0.844610 0.136381 0.012470
5 0.095725 0.965120 0.025587 0.012389
6 0.271292 0.038582 0.349396 0.026530
8 0.275918 0.148156 0.386280 0.013100
7 0.893358 0.031933 0.213435 0.016737
10 0.142927 0.133426 0.119885 0.012935
10 0.275918 0.148156 0.386280 0.013100
