9 0.496612 0.397283 0.829845 0.605602
10 0.345084 0.715857 0.525718 0.009086
5 0.095514 0.965371 0.025259 0.010057
8 0.337321 0.079749 0.509956 0.022590
7 0.893125 0.031888 0.213466 0.015911
6 0.270926 0.031276 0.349351 0.011285
10 0.590764 0.752261 0.287928 0.009615
10 0.182822 0.739632 0.200711 0.009205
10 0.525582 0.822531 0.165615 0.055078
10 0.497805 0.880040 0.114253 0.055078
10 0.129365 0.820911 0.106916 0.056698
10 0.145088 0.766643 0.132072 0.040499
10 0.141420 0.892594 0.124735 0.031589
10 0.781866 0.819697 0.133121 0.052648
10 0.504094 0.738699 0.118446 0.013770
6 0.160725 0.045261 0.130261 0.013163
