10 0.727343 0.638041 0.370873 0.134335
10 0.283350 0.262976 0.401097 0.194217
10 0.301211 0.849537 0.370650 0.134211
10 0.727387 0.521235 0.370767 0.073097
10 0.727659 0.215493 0.371629 0.073836
10 0.727500 0.427245 0.371277 0.088487
10 0.301213 0.530798 0.371061 0.088467
10 0.300849 0.637893 0.370286 0.058231
10 0.743194 0.872660 0.336889 0.072947
10 0.726634 0.144259 0.370266 0.042773
10 0.742955 0.780814 0.337418 0.043054
10 0.283587 0.386957 0.401386 0.027814
4 0.300836 0.693890 0.372016 0.027551
4 0.300128 0.734838 0.370026 0.027188
4 0.710643 0.286720 0.403215 0.042919
8 0.493671 0.081011 0.822137 0.028447
4 0.710112 0.335216 0.402400 0.027536
8 0.157889 0.151302 0.150092 0.012919
8 0.174316 0.594717 0.183370 0.013212
8 0.112188 0.129544 0.058089 0.015347
8 0.583779 0.724829 0.150230 0.013247
5 0.095852 0.965177 0.025756 0.011982
8 0.199304 0.768479 0.232365 0.013111
8 0.642949 0.822018 0.204683 0.012584
8 0.606132 0.369060 0.194440 0.013318
8 0.184813 0.472470 0.203307 0.013215
8 0.151526 0.451728 0.136793 0.013423
8 0.681602 0.745158 0.282086 0.012691
8 0.114053 0.430502 0.061635 0.015920
6 0.271855 0.038648 0.349185 0.026322
7 0.893441 0.032163 0.213529 0.016390
