10 0.284089 0.658584 0.402831 0.194680
10 0.284659 0.473776 0.403501 0.149646
10 0.283938 0.856801 0.401995 0.134246
10 0.283595 0.298525 0.401224 0.134355
10 0.727940 0.601014 0.372175 0.149861
10 0.710539 0.184682 0.402448 0.088022
4 0.710648 0.808606 0.403438 0.240312
4 0.710332 0.400944 0.404089 0.225176
8 0.282837 0.209029 0.399636 0.030308
8 0.138107 0.775882 0.110558 0.013418
8 0.435602 0.082782 0.704483 0.033157
8 0.574335 0.248031 0.130422 0.012827
8 0.109472 0.385217 0.053430 0.013482
5 0.095733 0.965021 0.025426 0.011925
10 0.577094 0.269242 0.136188 0.012346
6 0.271416 0.038405 0.349336 0.026448
10 0.142982 0.146852 0.119638 0.012043
8 0.276141 0.165333 0.386404 0.012917
7 0.893187 0.031909 0.213920 0.016722
10 0.276141 0.165333 0.386404 0.012917
