10 0.309853 0.834767 0.370197 0.148702
10 0.310507 0.687896 0.371219 0.118252
10 0.310174 0.375798 0.370550 0.148170
10 0.735835 0.756130 0.370256 0.132845
10 0.736509 0.611335 0.371078 0.087892
10 0.310158 0.215927 0.370807 0.103011
10 0.736245 0.243856 0.370670 0.057730
10 0.736197 0.399568 0.370354 0.072649
10 0.736227 0.885780 0.370695 0.057590
10 0.736039 0.172342 0.369708 0.057398
10 0.735973 0.307152 0.369774 0.042848
10 0.736237 0.498486 0.370986 0.026779
8 0.309118 0.606743 0.368609 0.026815
8 0.735569 0.463103 0.369883 0.027667
10 0.307915 0.469710 0.366853 0.012168
8 0.653489 0.842676 0.204445 0.012079
8 0.609261 0.675325 0.117477 0.012121
8 0.236880 0.287106 0.224236 0.012178
8 0.674263 0.348582 0.246722 0.011741
8 0.734317 0.128714 0.367492 0.012023
8 0.601601 0.552982 0.101818 0.012230
8 0.600238 0.532603 0.098458 0.012477
8 0.502551 0.081449 0.822400 0.027033
8 0.244439 0.149898 0.239476 0.011702
4 0.192622 0.495761 0.136089 0.012084
4 0.224422 0.547724 0.199797 0.012060
4 0.195168 0.521796 0.141373 0.012178
4 0.306929 0.573480 0.364351 0.012140
8 0.187207 0.129388 0.190336 0.012228
5 0.903841 0.964998 0.025440 0.010786
7 0.432094 0.033864 0.863864 0.020019
6 0.852624 0.053658 0.136125 0.015171
