10 0.760644 0.405665 0.308591 0.210137
10 0.760376 0.738933 0.308406 0.134340
10 0.759796 0.876229 0.306368 0.073836
10 0.759805 0.560650 0.306846 0.074136
10 0.792329 0.152128 0.242449 0.058830
4 0.349384 0.678482 0.274468 0.165186
4 0.334333 0.810422 0.308394 0.074019
4 0.332894 0.253453 0.306592 0.180102
10 0.759278 0.624355 0.305474 0.027722
10 0.332830 0.136685 0.305111 0.028027
4 0.349236 0.554095 0.273974 0.057926
4 0.776270 0.230708 0.276169 0.073651
4 0.333816 0.385260 0.307598 0.059114
4 0.349211 0.482942 0.274571 0.058300
4 0.350029 0.881845 0.276492 0.043781
8 0.493694 0.080916 0.822765 0.028815
8 0.656072 0.825638 0.166185 0.013113
8 0.688255 0.286702 0.230037 0.012975
8 0.688658 0.657832 0.230728 0.012950
5 0.095860 0.965190 0.025987 0.012289
8 0.242565 0.434153 0.124697 0.013786
6 0.271576 0.038488 0.349868 0.026974
7 0.893254 0.031900 0.213653 0.016377
