9 0.537170 0.773531 0.762877 0.287965
4 0.307473 0.268277 0.366832 0.132139
4 0.717233 0.154590 0.400330 0.086961
4 0.733790 0.580452 0.367707 0.056869
4 0.717369 0.308917 0.401961 0.192945
4 0.291299 0.415306 0.399871 0.132887
4 0.291097 0.128676 0.400051 0.116930
4 0.291355 0.524550 0.399210 0.056722
4 0.291145 0.580710 0.399671 0.026353
10 0.750439 0.478324 0.335214 0.116975
5 0.905094 0.964607 0.022986 0.008474
10 0.733157 0.082812 0.366223 0.026828
7 0.428960 0.033372 0.859341 0.019558
6 0.852637 0.053472 0.133724 0.016273
