7 0.247904 0.436167 0.415936 0.499838
8 0.179763 0.096413 0.278831 0.031127
8 0.740960 0.104314 0.391275 0.065129
10 0.230907 0.159565 0.382102 0.015823
7 0.895184 0.281440 0.129631 0.230595
6 0.135582 0.031185 0.175925 0.011548
7 0.221210 0.835715 0.439956 0.272419
7 0.615526 0.325383 0.140881 0.320653
7 0.758114 0.269459 0.126583 0.199303
6 0.080769 0.046331 0.067039 0.011512
7 0.519909 0.031680 0.524124 0.019884
7 0.636185 0.838506 0.173053 0.167961
7 0.847275 0.846258 0.212345 0.147289
7 0.617793 0.613051 0.139612 0.226101
7 0.829301 0.483850 0.254981 0.151165
7 0.829301 0.653749 0.244949 0.160209
6 0.787772 0.052113 0.065794 0.014526
