10 0.608104 0.818912 0.125467 0.200696
10 0.892527 0.666982 0.130235 0.375810
10 0.606090 0.593581 0.121376 0.230259
10 0.609920 0.383385 0.128630 0.172090
10 0.750877 0.901670 0.127958 0.040422
7 0.399133 0.500330 0.097194 0.116490
7 0.090766 0.499939 0.098425 0.117717
10 0.752364 0.516736 0.131267 0.708336
7 0.241509 0.775125 0.098473 0.116681
7 0.241543 0.499941 0.098621 0.116853
7 0.399294 0.774944 0.097779 0.117064
7 0.241641 0.217165 0.098417 0.117248
7 0.091239 0.775093 0.098562 0.116900
7 0.398899 0.217114 0.097818 0.116635
10 0.601542 0.236747 0.112172 0.073010
7 0.086391 0.217040 0.097902 0.117602
8 0.170505 0.094015 0.258743 0.024152
8 0.224680 0.885239 0.057871 0.028871
10 0.871644 0.446996 0.087001 0.011943
8 0.383404 0.883908 0.059710 0.026348
10 0.079152 0.914521 0.068154 0.011581
5 0.954493 0.964420 0.007696 0.008144
8 0.081041 0.883822 0.072292 0.026134
5 0.045679 0.964543 0.008608 0.008879
6 0.135335 0.031329 0.175355 0.011043
10 0.097056 0.122001 0.114176 0.015133
8 0.593440 0.185286 0.095927 0.014558
8 0.086301 0.608220 0.082404 0.011856
8 0.236306 0.609635 0.080518 0.013796
10 0.787150 0.053692 0.062003 0.010680
8 0.089006 0.326224 0.096304 0.013984
10 0.397808 0.347354 0.088229 0.013655
10 0.387859 0.914921 0.070814 0.010984
10 0.240069 0.347000 0.088119 0.013111
8 0.397829 0.325163 0.087327 0.011847
8 0.859027 0.425148 0.061826 0.014235
10 0.084120 0.646379 0.076513 0.012579
8 0.387440 0.610605 0.068163 0.029945
10 0.224554 0.638171 0.056847 0.025601
10 0.078983 0.045794 0.062814 0.011822
8 0.227145 0.325958 0.062176 0.013084
10 0.069282 0.354835 0.057882 0.028972
10 0.058145 0.630915 0.025687 0.010430
10 0.243968 0.344569 0.095839 0.017382
10 0.382263 0.655386 0.056979 0.011092
0 0.244060 0.336429 0.095926 0.034197
0 0.088883 0.344156 0.096680 0.050053
10 0.382255 0.645932 0.058009 0.030052
10 0.069233 0.362994 0.057266 0.012172
6 0.519810 0.031986 0.520284 0.015755
10 0.224662 0.645838 0.056377 0.009870
10 0.893970 0.262790 0.138573 0.209697
10 0.884828 0.900803 0.120289 0.069899
10 0.230315 0.914206 0.072372 0.017207
