10 0.759281 0.563552 0.305406 0.177399
10 0.759715 0.186159 0.305065 0.132355
10 0.759383 0.737029 0.305646 0.147428
10 0.759834 0.442697 0.305924 0.041618
10 0.403982 0.548476 0.379631 0.253181
10 0.404208 0.268763 0.379542 0.298825
10 0.759318 0.865159 0.305671 0.087050
8 0.674657 0.102220 0.133213 0.009871
8 0.272558 0.101564 0.115249 0.008540
5 0.904866 0.964737 0.022237 0.008497
10 0.144477 0.495781 0.104837 0.147455
8 0.145226 0.124299 0.105432 0.070024
8 0.145162 0.102138 0.103959 0.025274
6 0.850437 0.053627 0.128659 0.008995
7 0.359245 0.032712 0.717897 0.017051
8 0.713295 0.053755 0.106692 0.010446
