10 0.513076 0.149045 0.795563 0.088707
10 0.496391 0.293983 0.827496 0.072886
5 0.094261 0.965056 0.022324 0.011480
8 0.495823 0.082894 0.826771 0.027894
8 0.496145 0.227825 0.827091 0.043588
6 0.271076 0.031179 0.349403 0.011631
10 0.157689 0.478276 0.020276 0.012185
4 0.216338 0.458038 0.267104 0.012060
10 0.156766 0.385621 0.017962 0.011780
7 0.827452 0.031836 0.344268 0.016082
10 0.157915 0.431851 0.019924 0.011520
8 0.298016 0.344646 0.431135 0.013138
10 0.159304 0.045572 0.123981 0.012574
8 0.775640 0.555498 0.263075 0.012218
10 0.811744 0.616470 0.213311 0.063590
4 0.390536 0.411058 0.620442 0.015898
4 0.232504 0.365942 0.298549 0.018364
10 0.148583 0.627056 0.136649 0.044762
