10 0.496624 0.480465 0.828103 0.087958
10 0.496544 0.386379 0.828325 0.072593
10 0.496001 0.551880 0.827073 0.027412
4 0.511647 0.815351 0.793519 0.027502
4 0.495560 0.670713 0.826886 0.027549
4 0.511615 0.897210 0.793215 0.027366
4 0.511671 0.856409 0.793559 0.027391
4 0.495495 0.703928 0.826912 0.012269
4 0.311842 0.585157 0.459279 0.012334
4 0.482185 0.781650 0.734471 0.012249
4 0.428169 0.755715 0.626033 0.012321
4 0.377174 0.611214 0.590071 0.012143
4 0.359915 0.637148 0.554995 0.012188
4 0.488705 0.729890 0.747809 0.012428
10 0.495005 0.189909 0.535830 0.027734
5 0.095882 0.965364 0.025702 0.011454
8 0.341384 0.284419 0.517497 0.012305
8 0.693202 0.078455 0.430979 0.019707
7 0.827333 0.031796 0.344532 0.015974
6 0.271130 0.031126 0.349492 0.011348
8 0.494946 0.120963 0.195149 0.017922
8 0.495154 0.163037 0.379252 0.011192
10 0.128715 0.269205 0.090881 0.010896
10 0.255518 0.314754 0.345068 0.041550
6 0.269004 0.038501 0.353455 0.026262
