10 0.300087 0.201787 0.369681 0.195002
10 0.727244 0.461239 0.371364 0.194480
10 0.742538 0.090257 0.337131 0.043297
4 0.726488 0.176935 0.371876 0.103919
4 0.301025 0.607644 0.372177 0.073603
4 0.726534 0.285922 0.372122 0.088361
4 0.300938 0.709122 0.371917 0.104141
4 0.299693 0.468017 0.371429 0.179334
5 0.095497 0.965086 0.024863 0.012053
8 0.283286 0.341458 0.400743 0.059294
8 0.282451 0.082788 0.399398 0.028299
8 0.551537 0.349691 0.085662 0.013803
7 0.893309 0.031807 0.213313 0.016743
6 0.270477 0.038479 0.351928 0.026919
10 0.616930 0.606924 0.224310 0.048750
10 0.607818 0.701715 0.208889 0.125666
