10 0.284485 0.252954 0.403266 0.164043
10 0.283944 0.113449 0.402777 0.087687
4 0.726241 0.466776 0.370005 0.102928
4 0.726509 0.271169 0.370732 0.118730
4 0.726482 0.568684 0.370515 0.073137
4 0.742859 0.823818 0.338754 0.073134
4 0.726093 0.161701 0.369394 0.072816
4 0.742604 0.647377 0.338653 0.058011
4 0.726565 0.372681 0.370857 0.057738
4 0.300655 0.829319 0.371323 0.073228
4 0.316349 0.630160 0.337082 0.072867
4 0.300288 0.551392 0.370369 0.057638
4 0.742349 0.752215 0.338084 0.042203
4 0.726146 0.090412 0.370020 0.042854
4 0.300396 0.758150 0.370419 0.043027
4 0.283083 0.431177 0.402596 0.073018
4 0.742390 0.703927 0.337836 0.027521
4 0.283934 0.494955 0.402725 0.027393
8 0.282756 0.372055 0.400060 0.029960
10 0.332683 0.701526 0.304099 0.042608
5 0.095530 0.965058 0.025310 0.011564
7 0.893459 0.031897 0.213637 0.016686
6 0.271097 0.031090 0.349452 0.011565
6 0.159974 0.047272 0.130269 0.012906
