9 0.504395 0.860727 0.825869 0.121151
10 0.504518 0.727607 0.825132 0.057180
9 0.504362 0.602507 0.825609 0.121518
9 0.506494 0.212254 0.831141 0.176647
9 0.504219 0.430052 0.826624 0.148916
8 0.219118 0.346066 0.253128 0.013210
5 0.903811 0.964513 0.025019 0.008663
8 0.305744 0.684395 0.427681 0.011404
8 0.486092 0.081422 0.787018 0.024438
8 0.218818 0.118545 0.253094 0.010789
0 0.467846 0.776256 0.752113 0.011680
8 0.336867 0.523878 0.489806 0.011329
1 0.440634 0.310414 0.697395 0.009107
7 0.430281 0.032898 0.861121 0.018029
8 0.467846 0.776256 0.752113 0.011680
6 0.851353 0.053455 0.138033 0.015886
