4 0.710409 0.316688 0.403162 0.269777
4 0.282591 0.632717 0.400472 0.147811
4 0.710020 0.516874 0.404384 0.102956
4 0.726619 0.640983 0.370904 0.118063
4 0.283825 0.493131 0.402587 0.102745
4 0.299615 0.278823 0.370205 0.072733
4 0.283550 0.113501 0.403254 0.087454
4 0.285063 0.805457 0.404909 0.087582
4 0.283662 0.200043 0.403325 0.057462
4 0.299693 0.350240 0.369545 0.042274
4 0.283217 0.406535 0.401183 0.042313
4 0.709474 0.146863 0.401665 0.042529
4 0.284908 0.891725 0.404391 0.057438
4 0.709574 0.090466 0.402053 0.042674
4 0.300052 0.733880 0.370406 0.027831
5 0.095555 0.964965 0.025168 0.011278
7 0.893364 0.031950 0.213365 0.016604
6 0.271115 0.031172 0.349469 0.011393
10 0.159170 0.045941 0.124111 0.012210
10 0.616533 0.763945 0.226649 0.051512
10 0.609866 0.861302 0.210650 0.128779
