9 0.504323 0.210110 0.826524 0.151379
9 0.506306 0.449218 0.830616 0.246162
9 0.505739 0.660885 0.827963 0.088083
9 0.505743 0.782396 0.827957 0.074444
8 0.486051 0.081930 0.787627 0.026355
5 0.903600 0.964523 0.024680 0.008629
8 0.231722 0.317168 0.277872 0.011151
8 0.216351 0.738233 0.247249 0.013377
8 0.213538 0.609127 0.241791 0.011020
8 0.211558 0.117590 0.239368 0.009593
1 0.442249 0.581792 0.700988 0.009104
7 0.429447 0.033084 0.859935 0.018779
10 0.858152 0.130428 0.111787 0.009859
6 0.853238 0.053138 0.143377 0.016787
