10 0.727401 0.273831 0.370803 0.148803
10 0.727314 0.657783 0.371176 0.133847
10 0.727411 0.497590 0.371709 0.118442
10 0.743362 0.823261 0.337958 0.088724
10 0.742338 0.144051 0.336480 0.043179
10 0.726834 0.383147 0.370128 0.043108
4 0.298530 0.656963 0.366986 0.134093
4 0.300783 0.400787 0.371528 0.149304
4 0.300810 0.238351 0.370364 0.149293
4 0.301066 0.766070 0.371886 0.058011
4 0.299908 0.532552 0.369971 0.088120
4 0.300283 0.837542 0.370131 0.058249
8 0.493569 0.080591 0.822053 0.029017
8 0.653166 0.185063 0.224204 0.012698
5 0.095709 0.965148 0.025450 0.012244
8 0.594605 0.744159 0.171182 0.012953
8 0.583468 0.576563 0.149069 0.013067
8 0.602367 0.424264 0.186748 0.012908
8 0.128381 0.129225 0.091629 0.013570
8 0.657641 0.764705 0.232948 0.012576
8 0.228479 0.149642 0.227282 0.012676
6 0.271593 0.038423 0.349300 0.026408
7 0.893453 0.032040 0.213299 0.016454
