10 0.284301 0.128896 0.402549 0.117660
4 0.726392 0.278824 0.370270 0.102002
4 0.743081 0.703738 0.339218 0.209206
4 0.726310 0.380546 0.370524 0.072524
4 0.741907 0.459398 0.337613 0.057454
4 0.758638 0.873581 0.306242 0.102726
4 0.299004 0.682182 0.367817 0.071851
4 0.315335 0.483176 0.335607 0.072418
4 0.282698 0.284253 0.401005 0.072189
4 0.298867 0.824970 0.367349 0.072026
4 0.742253 0.564467 0.337862 0.041935
4 0.299331 0.404788 0.368629 0.056788
4 0.299404 0.903719 0.369290 0.057138
4 0.299833 0.610979 0.369300 0.042011
10 0.742825 0.105858 0.337640 0.072826
4 0.299400 0.753670 0.368969 0.042088
4 0.726680 0.184519 0.370876 0.056691
4 0.741867 0.516017 0.336698 0.026868
4 0.283294 0.348107 0.400889 0.027568
8 0.282231 0.225500 0.399350 0.029161
10 0.331751 0.554523 0.302782 0.041502
5 0.095653 0.965202 0.025538 0.011422
6 0.271127 0.031416 0.349335 0.010576
7 0.893707 0.032323 0.213395 0.016095
6 0.160932 0.046875 0.131953 0.016994
