10 0.299572 0.201796 0.369675 0.194985
10 0.726402 0.461037 0.371703 0.194158
10 0.741703 0.090284 0.336628 0.043412
4 0.725694 0.177032 0.370908 0.104006
4 0.725737 0.286016 0.371371 0.088309
4 0.300159 0.607695 0.372172 0.073731
4 0.298888 0.468041 0.370467 0.179251
4 0.299891 0.709206 0.371339 0.104076
10 0.616265 0.600708 0.215754 0.027775
8 0.282918 0.341431 0.400601 0.059347
8 0.281895 0.082821 0.399078 0.028456
5 0.095559 0.965074 0.025163 0.012698
8 0.550610 0.349633 0.084930 0.013893
8 0.591825 0.577741 0.166781 0.013626
10 0.589642 0.712709 0.162155 0.057918
10 0.606734 0.757013 0.196404 0.012150
7 0.893380 0.031842 0.213228 0.016903
6 0.271673 0.039614 0.350804 0.029155
0 0.563425 0.666291 0.109200 0.028069
