10 0.727014 0.757064 0.370135 0.148920
10 0.726342 0.210193 0.369259 0.133548
10 0.726624 0.596849 0.370919 0.103078
10 0.317114 0.491135 0.337978 0.042792
4 0.726039 0.426701 0.371065 0.057495
4 0.317750 0.256935 0.340053 0.073107
4 0.316939 0.758281 0.338527 0.088409
4 0.316562 0.562474 0.338453 0.072905
4 0.316933 0.350840 0.337818 0.088287
4 0.316251 0.656658 0.336625 0.087907
4 0.315982 0.185500 0.336508 0.042614
4 0.725939 0.347482 0.371563 0.073196
4 0.726383 0.490210 0.371216 0.042211
4 0.317232 0.829461 0.339335 0.027717
4 0.316766 0.421913 0.338181 0.027698
8 0.493418 0.080529 0.821843 0.028908
8 0.573974 0.668122 0.130486 0.012921
8 0.585825 0.128936 0.154090 0.013226
8 0.609292 0.530975 0.200835 0.013072
5 0.095917 0.965082 0.025610 0.012007
8 0.174320 0.455613 0.118362 0.012997
8 0.547830 0.296615 0.077618 0.013421
8 0.133778 0.129308 0.102035 0.013247
6 0.271093 0.038550 0.349826 0.026819
8 0.201800 0.149673 0.173516 0.012895
7 0.893248 0.031890 0.213591 0.016543
