10 0.734985 0.281716 0.369190 0.223661
10 0.734919 0.758343 0.368962 0.253578
10 0.307847 0.760444 0.367320 0.254088
10 0.307736 0.479179 0.367051 0.239204
10 0.734265 0.573588 0.368411 0.088104
10 0.292496 0.273639 0.401069 0.072316
10 0.734136 0.443318 0.367612 0.071324
10 0.504602 0.129568 0.825889 0.041398
8 0.216278 0.081508 0.247485 0.025198
5 0.903377 0.964527 0.025594 0.008438
8 0.291340 0.337009 0.400323 0.026545
8 0.717152 0.507149 0.398557 0.025579
8 0.187548 0.618847 0.191162 0.011760
8 0.291559 0.199796 0.399416 0.059393
10 0.291559 0.199796 0.399416 0.059393
6 0.850513 0.054664 0.134518 0.017519
7 0.417485 0.028969 0.831294 0.026863
