9 0.537895 0.590672 0.763546 0.226061
10 0.751658 0.826551 0.337248 0.193642
10 0.324937 0.159496 0.336112 0.072810
4 0.735174 0.264484 0.370831 0.057191
4 0.735543 0.335838 0.371147 0.057426
4 0.309919 0.860349 0.370822 0.117828
4 0.309289 0.251479 0.369604 0.042178
4 0.735229 0.200477 0.370689 0.042192
10 0.751545 0.144336 0.336682 0.042136
4 0.309379 0.758600 0.369904 0.057479
4 0.308976 0.307512 0.369600 0.041540
4 0.308352 0.356321 0.368418 0.027239
8 0.502209 0.081724 0.821764 0.026178
8 0.212083 0.215662 0.240775 0.012001
4 0.521558 0.445318 0.794461 0.042018
8 0.207206 0.409711 0.230292 0.012191
5 0.903621 0.964737 0.025693 0.009344
7 0.415552 0.032226 0.831572 0.020055
6 0.851343 0.053116 0.137334 0.013370
