9 0.504038 0.422705 0.825755 0.635277
5 0.903232 0.964611 0.025255 0.008251
10 0.354137 0.757602 0.525256 0.008805
8 0.482426 0.079215 0.782695 0.019394
10 0.599843 0.794171 0.287589 0.009535
10 0.192061 0.781364 0.200900 0.008910
10 0.511194 0.780976 0.110871 0.008515
7 0.417401 0.031816 0.831573 0.023367
6 0.851743 0.053590 0.133327 0.015932
10 0.155523 0.806970 0.132359 0.040373
10 0.139848 0.863492 0.101011 0.057868
10 0.148992 0.928762 0.119298 0.028261
10 0.535185 0.859455 0.160225 0.060560
10 0.507755 0.919678 0.112331 0.045083
10 0.789086 0.863192 0.134380 0.053166
