9 0.503998 0.225684 0.826896 0.283442
9 0.503830 0.531147 0.826296 0.172030
5 0.904833 0.964587 0.022937 0.008637
8 0.115680 0.382195 0.047652 0.009080
4 0.499112 0.408763 0.815044 0.011083
8 0.303358 0.434915 0.422883 0.011483
7 0.426309 0.032778 0.851739 0.017586
10 0.642623 0.654681 0.377091 0.043487
10 0.520621 0.816002 0.137411 0.063046
10 0.809756 0.745767 0.168901 0.064152
10 0.220630 0.671645 0.266835 0.061448
10 0.152596 0.744017 0.134301 0.061448
10 0.168500 0.832092 0.151972 0.043696
10 0.554615 0.742651 0.213821 0.064179
10 0.852083 0.077661 0.122343 0.012474
6 0.851233 0.053042 0.139336 0.017070
