10 0.247494 0.554270 0.129339 0.148041
10 0.245715 0.692777 0.125729 0.101621
7 0.822634 0.729544 0.271634 0.397832
10 0.103273 0.645328 0.124859 0.329915
10 0.606735 0.650025 0.122228 0.238765
10 0.604835 0.321873 0.118625 0.224347
7 0.893180 0.320537 0.131623 0.222655
10 0.246056 0.787608 0.126718 0.057397
10 0.245042 0.874259 0.125330 0.087717
10 0.099486 0.245406 0.117088 0.128510
8 0.605318 0.093792 0.117018 0.023321
8 0.586938 0.189739 0.083313 0.013361
8 0.220286 0.448440 0.076178 0.029059
8 0.085765 0.440568 0.089618 0.044298
8 0.570132 0.509828 0.048689 0.013923
8 0.373051 0.455740 0.099731 0.014145
6 0.135411 0.031338 0.174877 0.010733
5 0.044971 0.964418 0.008606 0.008452
5 0.953778 0.964511 0.008850 0.008669
7 0.563392 0.834154 0.037863 0.037077
10 0.787264 0.053655 0.062020 0.010710
6 0.078825 0.045875 0.062782 0.011236
7 0.705689 0.349646 0.030857 0.036138
7 0.705576 0.227819 0.040560 0.047288
7 0.345441 0.238496 0.237907 0.319753
8 0.127048 0.116213 0.176425 0.080145
10 0.715130 0.429986 0.059996 0.017031
8 0.728904 0.401128 0.093668 0.036900
8 0.735639 0.279076 0.098565 0.035007
10 0.719109 0.306041 0.072853 0.018923
10 0.386369 0.588928 0.128561 0.232333
8 0.583624 0.885524 0.077895 0.030842
10 0.584268 0.912884 0.080470 0.019898
7 0.520030 0.031052 0.524963 0.019563
