9 0.494767 0.619501 0.825843 0.160329
9 0.495088 0.353597 0.826596 0.152570
10 0.494625 0.491843 0.825075 0.042073
9 0.495492 0.191772 0.824444 0.103431
9 0.494891 0.812864 0.826702 0.095145
10 0.494642 0.450665 0.825252 0.011329
5 0.094813 0.964536 0.024942 0.008650
8 0.476930 0.082579 0.787517 0.027474
0 0.301103 0.261502 0.437509 0.011388
8 0.198572 0.747052 0.232058 0.010644
0 0.219456 0.531967 0.274079 0.009472
7 0.892971 0.031842 0.213678 0.015997
0 0.208744 0.118331 0.252308 0.011335
10 0.848463 0.273059 0.113033 0.009918
6 0.260830 0.038736 0.369955 0.026407
8 0.208744 0.118331 0.252308 0.011335
10 0.848220 0.130309 0.112782 0.009880
10 0.849675 0.759681 0.112284 0.013821
