10 0.488235 0.420295 0.741602 0.118175
10 0.485885 0.536355 0.736947 0.075000
10 0.486003 0.675696 0.736373 0.031502
10 0.485792 0.233415 0.736104 0.031663
10 0.485443 0.813652 0.735386 0.031616
10 0.480873 0.201300 0.726601 0.019113
10 0.486207 0.622693 0.736750 0.018762
4 0.493888 0.709056 0.719952 0.020589
4 0.493818 0.730589 0.719954 0.020514
4 0.504766 0.278748 0.699081 0.020396
4 0.494903 0.840702 0.716482 0.020684
10 0.475418 0.178128 0.715995 0.018057
4 0.493641 0.752349 0.720298 0.019778
10 0.410903 0.333795 0.586148 0.009764
4 0.504202 0.310410 0.700687 0.019123
4 0.503731 0.295143 0.699731 0.009955
4 0.346784 0.768739 0.426576 0.009832
4 0.494736 0.857462 0.716888 0.010208
4 0.487668 0.582307 0.702229 0.010115
4 0.325864 0.604331 0.388725 0.010150
8 0.179134 0.258530 0.122352 0.008393
8 0.208784 0.646683 0.182242 0.009925
8 0.228768 0.786902 0.221409 0.010138
4 0.353404 0.593430 0.438451 0.010196
8 0.184399 0.488797 0.131300 0.009607
5 0.905347 0.964487 0.021981 0.008394
10 0.773335 0.876831 0.142639 0.008630
8 0.158883 0.350938 0.081895 0.010497
7 0.242977 0.106941 0.250773 0.072024
10 0.146637 0.901786 0.035876 0.010454
10 0.763481 0.905552 0.168461 0.011462
7 0.359883 0.032995 0.721314 0.018025
6 0.854099 0.055413 0.141973 0.016293
6 0.713531 0.055956 0.113860 0.017379
