7 0.196064 0.701721 0.098777 0.115901
7 0.196120 0.447463 0.099469 0.116461
7 0.692381 0.447592 0.097546 0.115995
7 0.301766 0.192580 0.097224 0.116502
7 0.305221 0.701707 0.097174 0.116259
7 0.410992 0.192662 0.097328 0.116324
7 0.302009 0.447285 0.097570 0.115949
7 0.194991 0.192611 0.096301 0.116198
7 0.086326 0.447733 0.097183 0.116971
7 0.802299 0.447694 0.098636 0.115856
7 0.086550 0.192769 0.098735 0.116284
7 0.750039 0.193003 0.096681 0.116624
7 0.856931 0.193137 0.098218 0.116690
7 0.641004 0.192782 0.097140 0.116495
8 0.135685 0.096755 0.189179 0.029563
5 0.953949 0.964429 0.008746 0.008956
5 0.045498 0.964446 0.008404 0.008392
0 0.408429 0.568992 0.085206 0.064545
6 0.135297 0.031253 0.175489 0.010885
0 0.799829 0.561596 0.086037 0.048973
0 0.692155 0.561509 0.090205 0.049168
0 0.406587 0.307312 0.082318 0.049738
0 0.858862 0.307153 0.094988 0.049673
0 0.301861 0.561723 0.090743 0.049931
10 0.080644 0.581721 0.079684 0.027347
0 0.197445 0.307397 0.094951 0.050145
10 0.636149 0.331044 0.079941 0.027456
0 0.082302 0.562545 0.082848 0.065354
0 0.746823 0.307179 0.082325 0.049469
0 0.193075 0.561703 0.085312 0.049632
0 0.642133 0.312349 0.092554 0.064976
10 0.851227 0.318205 0.079375 0.027293
10 0.197223 0.318753 0.094533 0.027304
0 0.083037 0.303954 0.091836 0.051054
7 0.520605 0.032171 0.524277 0.023361
0 0.198208 0.818804 0.099227 0.073559
8 0.603589 0.093813 0.121009 0.037403
0 0.307117 0.819428 0.099227 0.074806
0 0.304696 0.309503 0.102454 0.062338
6 0.080023 0.048306 0.064538 0.016208
6 0.787926 0.055164 0.066958 0.017455
