10 0.292112 0.461551 0.399490 0.192745
10 0.718924 0.791634 0.401890 0.132391
10 0.292138 0.276656 0.400015 0.148163
10 0.293397 0.843523 0.402561 0.162459
4 0.718763 0.542754 0.400683 0.193296
10 0.291885 0.616471 0.399574 0.086403
10 0.292234 0.106281 0.400181 0.071886
4 0.719705 0.192309 0.399952 0.132628
10 0.719047 0.900829 0.401402 0.057204
4 0.718950 0.324198 0.399620 0.101366
4 0.718566 0.682429 0.398772 0.056646
10 0.717478 0.090757 0.399470 0.041119
4 0.719028 0.411318 0.399625 0.042124
10 0.291615 0.687593 0.398521 0.026764
8 0.291670 0.180114 0.398844 0.028123
8 0.291537 0.738944 0.398949 0.028972
5 0.904310 0.964833 0.024783 0.009605
7 0.417095 0.033543 0.834000 0.020698
6 0.852357 0.053300 0.133927 0.018816
