9 0.503692 0.284011 0.826729 0.317015
9 0.504434 0.592996 0.825865 0.103841
9 0.504495 0.718681 0.826270 0.080388
10 0.503936 0.469673 0.825186 0.026541
8 0.485968 0.081662 0.787406 0.024808
10 0.193468 0.773795 0.202311 0.011597
5 0.905264 0.964510 0.022303 0.008330
0 0.281912 0.664098 0.379682 0.009909
8 0.252345 0.512140 0.319441 0.010810
0 0.211081 0.533478 0.237491 0.009653
8 0.185982 0.118480 0.188314 0.011301
10 0.185982 0.118480 0.188314 0.011301
7 0.429831 0.033015 0.861043 0.018471
10 0.858430 0.676380 0.111979 0.009764
6 0.851073 0.054365 0.136954 0.015717
