10 0.751619 0.669470 0.337119 0.072602
10 0.340610 0.159429 0.302303 0.072293
9 0.339840 0.323429 0.302227 0.222903
10 0.751589 0.159567 0.336946 0.072902
10 0.310132 0.512719 0.370407 0.087735
4 0.768082 0.810221 0.306593 0.057639
10 0.735791 0.258970 0.370194 0.058093
10 0.310063 0.619615 0.370839 0.056928
4 0.309967 0.844360 0.370795 0.057693
10 0.752068 0.378657 0.337604 0.042004
10 0.309084 0.704106 0.368908 0.042418
4 0.751807 0.555007 0.338541 0.087864
4 0.751495 0.475836 0.337684 0.042426
4 0.309863 0.780744 0.370730 0.042150
4 0.768459 0.866389 0.306699 0.027474
4 0.309996 0.900819 0.370535 0.027722
4 0.767503 0.907410 0.305143 0.027569
4 0.751549 0.753869 0.338473 0.027791
4 0.751773 0.427325 0.338445 0.027440
8 0.667117 0.618829 0.167327 0.012717
8 0.502289 0.081511 0.822167 0.026445
8 0.718969 0.315089 0.401082 0.027315
8 0.258492 0.454254 0.335579 0.012811
8 0.278289 0.668409 0.372359 0.012055
8 0.708567 0.215757 0.381412 0.012113
8 0.172487 0.576535 0.160646 0.012392
8 0.636548 0.725678 0.172187 0.011946
5 0.904107 0.964657 0.025048 0.009458
8 0.182105 0.745399 0.179890 0.012165
8 0.606196 0.342982 0.112300 0.012103
7 0.416918 0.031801 0.833375 0.020094
6 0.850322 0.052374 0.132498 0.013396
