10 0.479031 0.274779 0.684711 0.096801
10 0.479264 0.380747 0.685260 0.064010
10 0.478808 0.829658 0.685207 0.064286
10 0.479347 0.485518 0.685490 0.053383
10 0.479057 0.436167 0.684969 0.031998
4 0.491277 0.618669 0.662188 0.053299
4 0.491315 0.741086 0.661639 0.053995
4 0.491033 0.691141 0.663116 0.041725
4 0.490573 0.551794 0.661376 0.031866
4 0.491054 0.657818 0.661804 0.021210
4 0.491019 0.780296 0.661611 0.021267
4 0.490540 0.579806 0.661692 0.021096
4 0.486569 0.190714 0.667246 0.021114
8 0.187069 0.336603 0.100659 0.011298
8 0.198990 0.213194 0.123392 0.011227
8 0.269856 0.522971 0.266055 0.009956
6 0.270885 0.031441 0.349157 0.010523
10 0.745554 0.877432 0.133183 0.009696
5 0.094214 0.965412 0.022422 0.009515
10 0.398321 0.174281 0.423418 0.010298
7 0.827502 0.031929 0.344349 0.015617
10 0.737336 0.906203 0.156884 0.013184
10 0.162793 0.902175 0.033991 0.011411
8 0.253847 0.121697 0.206530 0.026396
7 0.252481 0.106948 0.234361 0.072240
6 0.160397 0.046180 0.132134 0.013035
