6 0.270978 0.031615 0.349042 0.010453
10 0.750549 0.155409 0.306226 0.071928
10 0.750477 0.546390 0.306220 0.177926
10 0.750871 0.313200 0.305801 0.087649
10 0.750566 0.230450 0.305827 0.057134
10 0.750332 0.696591 0.306422 0.116426
5 0.093871 0.964723 0.022606 0.008797
10 0.394969 0.735271 0.380353 0.192635
10 0.750391 0.402895 0.306321 0.085907
7 0.827202 0.031983 0.344016 0.015697
10 0.394435 0.456345 0.381051 0.192801
8 0.665291 0.102005 0.134529 0.010850
4 0.395640 0.169637 0.379944 0.056590
8 0.136121 0.101844 0.103825 0.026523
8 0.263309 0.101448 0.116036 0.009406
4 0.395402 0.222416 0.380493 0.026761
8 0.129432 0.162239 0.093636 0.089340
8 0.118429 0.379776 0.072582 0.040116
8 0.117441 0.658512 0.069259 0.040832
10 0.277858 0.124973 0.145919 0.011111
4 0.396146 0.297959 0.381111 0.102186
9 0.494647 0.461007 0.827080 0.748177
6 0.161510 0.046582 0.131456 0.013852
