4 0.505842 0.467005 0.827504 0.057309
4 0.505283 0.564486 0.826632 0.027449
4 0.505685 0.523347 0.827094 0.027868
4 0.505743 0.411006 0.827950 0.027714
4 0.505468 0.605452 0.826442 0.027418
4 0.505132 0.646433 0.826170 0.027783
5 0.903899 0.965097 0.025244 0.011653
10 0.788429 0.756474 0.256961 0.027101
10 0.833829 0.856615 0.185612 0.121697
8 0.189812 0.239439 0.199673 0.019558
10 0.348707 0.163921 0.528712 0.103225
10 0.757897 0.078082 0.323414 0.024991
7 0.348236 0.032771 0.701913 0.020654
6 0.714300 0.053874 0.109238 0.016164
6 0.852010 0.053425 0.133642 0.013470
10 0.156412 0.895319 0.127832 0.035920
10 0.507883 0.362716 0.833733 0.051153
10 0.505200 0.290825 0.831944 0.081568
