10 1.000000 0.201656 0.376518 0.113856
10 1.000000 0.327098 0.382611 0.113434
10 1.000000 0.141926 0.369887 0.146296
10 1.000000 0.100738 0.382728 0.064282
10 1.000000 0.419797 0.385552 0.047583
10 0.393144 0.192848 0.626346 0.249921
8 1.000000 0.368418 0.347945 0.152426
10 1.000000 0.257182 0.368242 0.062266
8 0.164657 0.689045 0.167204 0.040315
8 1.000000 0.484821 0.145902 0.041541
8 1.000000 0.714531 0.164746 0.038682
8 1.000000 0.714420 0.274101 0.038654
8 1.000000 0.484643 0.290223 0.039440
8 1.000000 0.257182 0.368242 0.062266
4 0.484459 0.816801 0.823273 0.189824
7 0.637162 0.555152 0.750241 0.320649
4 1.000000 0.598760 0.836551 0.161607
4 1.000000 0.814877 0.416616 0.134672
7 1.000000 0.921276 0.771599 0.072330
