10 0.486376 0.330193 0.747691 0.064711
10 0.486412 0.234157 0.747730 0.074227
10 0.486359 0.179939 0.746718 0.021210
7 0.532801 0.546559 0.092838 0.063316
7 0.189024 0.471121 0.151097 0.036059
8 0.256940 0.285254 0.288974 0.010398
5 0.904593 0.964694 0.022411 0.008588
10 0.269093 0.405111 0.312112 0.009358
7 0.239918 0.106969 0.255022 0.071953
10 0.768313 0.905732 0.170517 0.011647
5 0.768313 0.905732 0.170517 0.011647
8 0.241428 0.121931 0.225584 0.025344
7 0.346649 0.032059 0.698622 0.019552
6 0.851287 0.053241 0.139162 0.016293
10 0.142033 0.903713 0.039579 0.020390
10 0.781350 0.878226 0.152820 0.016991
10 0.747818 0.518860 0.239675 0.050974
6 0.713970 0.053955 0.118457 0.015256
10 0.266672 0.510679 0.309715 0.040047
