10 0.495756 0.424782 0.826438 0.057424
10 0.496003 0.312219 0.827201 0.057359
10 0.495610 0.496255 0.826487 0.057394
10 0.496457 0.368307 0.827242 0.027518
4 0.495626 0.218246 0.826581 0.102371
10 0.512609 0.083204 0.795032 0.026946
4 0.495432 0.131762 0.825601 0.042272
10 0.494716 0.808090 0.825492 0.011565
5 0.095761 0.965345 0.025360 0.011045
10 0.837717 0.625345 0.138807 0.011125
6 0.271082 0.031297 0.349189 0.011090
7 0.827528 0.031816 0.344726 0.015883
8 0.779111 0.609711 0.256065 0.011317
10 0.158950 0.045927 0.124176 0.011384
10 0.145956 0.767331 0.135668 0.035509
10 0.822657 0.721676 0.182715 0.123435
