10 0.342179 0.202756 0.305185 0.118439
10 0.785468 0.204677 0.275518 0.163253
10 0.785260 0.862342 0.275028 0.133311
10 0.326493 0.605571 0.338342 0.057718
10 0.785030 0.449403 0.273512 0.073376
10 0.342900 0.779724 0.306295 0.058127
10 0.310553 0.465468 0.371946 0.042590
4 0.784888 0.704181 0.274881 0.102856
10 0.342018 0.332408 0.304759 0.042117
10 0.342620 0.388487 0.305639 0.042553
4 0.784211 0.610181 0.273135 0.057795
10 0.342044 0.856748 0.304988 0.027770
10 0.326309 0.549498 0.337507 0.027211
4 0.769140 0.336597 0.304647 0.072509
4 0.342700 0.905018 0.304007 0.042849
10 0.326229 0.682404 0.337426 0.027329
4 0.768762 0.513159 0.303190 0.026851
8 0.502140 0.081537 0.822490 0.026585
8 0.324352 0.288743 0.336531 0.026477
8 0.768853 0.554028 0.303236 0.027367
5 0.905068 0.964498 0.023399 0.009235
8 0.154796 0.429771 0.125591 0.012444
8 0.324532 0.828421 0.335401 0.012527
8 0.254823 0.129151 0.196891 0.012155
8 0.309226 0.513840 0.369632 0.026978
8 0.265315 0.736707 0.216719 0.012444
8 0.217685 0.716001 0.186732 0.012100
8 0.254223 0.654291 0.259931 0.012050
8 0.698576 0.775740 0.163612 0.012578
8 0.694700 0.392895 0.155494 0.012758
7 0.429903 0.033208 0.860323 0.018703
4 0.694700 0.392895 0.155494 0.012758
6 0.851259 0.053950 0.134752 0.016198
