4 0.504549 0.725049 0.826207 0.040569
10 0.504898 0.774160 0.824981 0.026912
10 0.505134 0.542970 0.825909 0.026516
4 0.504417 0.635766 0.826293 0.026262
4 0.504297 0.676712 0.825902 0.026402
10 0.504686 0.822692 0.826191 0.041122
4 0.504929 0.897233 0.826576 0.026310
4 0.521339 0.083246 0.793847 0.026556
4 0.520909 0.124050 0.793577 0.026728
4 0.504404 0.165350 0.825337 0.026874
4 0.487006 0.276280 0.721384 0.011706
4 0.373107 0.602193 0.563136 0.011527
4 0.425053 0.328127 0.597450 0.011442
4 0.289810 0.353998 0.326765 0.011781
4 0.241808 0.509483 0.230264 0.011815
4 0.284242 0.302243 0.315530 0.011733
4 0.264518 0.457846 0.276269 0.011943
4 0.289371 0.405850 0.326140 0.011801
4 0.316929 0.250366 0.380943 0.011661
4 0.372643 0.224476 0.492825 0.011721
4 0.274798 0.483549 0.296951 0.011763
4 0.251172 0.379961 0.249765 0.011840
4 0.227595 0.431812 0.202616 0.011797
8 0.166506 0.863780 0.149988 0.011503
4 0.215882 0.198906 0.179160 0.011507
8 0.362081 0.576460 0.541420 0.011721
5 0.905112 0.964699 0.023349 0.009024
7 0.350060 0.033243 0.699538 0.021786
6 0.714806 0.054348 0.111010 0.017701
6 0.852247 0.055028 0.135679 0.019062
