4 0.744064 0.576432 0.338923 0.133876
4 0.743936 0.693401 0.339848 0.074277
4 0.743512 0.444506 0.339131 0.103850
4 0.300478 0.276291 0.370764 0.164126
4 0.317766 0.696831 0.338721 0.089288
4 0.759323 0.271751 0.307341 0.073454
4 0.743664 0.772302 0.338652 0.058252
4 0.317533 0.602793 0.338676 0.073667
10 0.315109 0.151962 0.334987 0.058492
4 0.759329 0.192713 0.307659 0.058798
4 0.333655 0.839491 0.307120 0.088866
4 0.759372 0.350732 0.307190 0.058597
4 0.743460 0.843464 0.338586 0.058536
4 0.300834 0.531553 0.370942 0.043303
4 0.301076 0.475231 0.371951 0.043108
4 0.332571 0.767931 0.305198 0.028585
4 0.300678 0.385478 0.371376 0.027776
4 0.742655 0.136520 0.336562 0.028502
4 0.300212 0.426444 0.370350 0.027674
11 0.493874 0.080946 0.822894 0.029102
5 0.095686 0.965208 0.025412 0.012187
6 0.271634 0.038495 0.349814 0.026816
7 0.893324 0.031892 0.213352 0.016419
