10 0.101585 0.349715 0.121221 0.089855
10 0.610239 0.427586 0.128852 0.028529
10 0.609039 0.363088 0.126763 0.041520
10 0.602473 0.596247 0.113782 0.058347
10 0.243437 0.696916 0.123746 0.043019
10 0.599329 0.253294 0.107617 0.057894
10 0.607577 0.539922 0.123741 0.027627
10 0.244112 0.385066 0.125104 0.028092
10 0.243687 0.824159 0.124362 0.043726
10 0.244075 0.632882 0.124795 0.027225
10 0.609014 0.483603 0.126965 0.027717
10 0.093820 0.676528 0.105277 0.088683
8 0.144677 0.096049 0.206969 0.029007
10 0.241970 0.895301 0.120497 0.042744
10 0.236348 0.321485 0.109493 0.041398
10 0.094897 0.238440 0.107400 0.079886
10 0.875326 0.196697 0.096515 0.056097
10 0.093482 0.597090 0.105112 0.043551
9 0.891724 0.361750 0.129106 0.060230
10 0.098941 0.449208 0.115151 0.061746
10 0.605560 0.189330 0.120023 0.042745
10 0.730522 0.494804 0.088654 0.501553
10 0.373251 0.314112 0.101990 0.057682
8 0.573036 0.311517 0.055152 0.012312
10 0.239899 0.569558 0.115879 0.043971
8 0.078885 0.164023 0.074777 0.011962
8 0.860445 0.306836 0.063683 0.011111
10 0.586854 0.731512 0.082924 0.041195
10 0.090093 0.761184 0.098136 0.027599
10 0.367879 0.895265 0.090509 0.058511
10 0.361257 0.719326 0.078529 0.042470
10 0.384369 0.249467 0.124164 0.041392
10 0.082984 0.900563 0.083905 0.027219
8 0.861007 0.125906 0.068044 0.026565
10 0.244399 0.760532 0.126373 0.027573
10 0.244520 0.418856 0.124410 0.025912
10 0.876738 0.434878 0.098572 0.026948
8 0.850179 0.408871 0.043875 0.011915
10 0.747190 0.156755 0.123696 0.088273
10 0.377030 0.625273 0.108926 0.057576
10 0.871569 0.149151 0.086981 0.011361
8 0.704096 0.229303 0.034347 0.011123
10 0.084829 0.548319 0.087387 0.027183
10 0.084866 0.859352 0.087594 0.027258
6 0.135496 0.031157 0.174745 0.011418
10 0.228715 0.489386 0.093702 0.058726
10 0.883594 0.468994 0.110902 0.027044
10 0.380874 0.490219 0.116528 0.042786
10 0.216253 0.186223 0.069040 0.026146
8 0.602666 0.654956 0.113887 0.013503
10 0.090151 0.810476 0.098409 0.041854
8 0.562436 0.404210 0.034070 0.011073
10 0.606909 0.133489 0.122898 0.042665
8 0.367613 0.680377 0.089595 0.024951
8 0.211882 0.539550 0.059438 0.012237
8 0.564915 0.516479 0.039094 0.011804
8 0.213828 0.361757 0.064238 0.010657
10 0.876497 0.271479 0.097063 0.010868
10 0.379444 0.554343 0.114614 0.055733
8 0.232471 0.452401 0.101277 0.012432
8 0.222969 0.666499 0.081732 0.012282
10 0.084864 0.507210 0.087352 0.027836
10 0.387969 0.775266 0.131428 0.043327
10 0.219977 0.243782 0.077413 0.052465
8 0.203495 0.290415 0.042452 0.010840
8 0.363421 0.419138 0.080473 0.011896
8 0.074077 0.739569 0.066298 0.011986
8 0.223936 0.737683 0.084593 0.011915
5 0.954088 0.964239 0.008467 0.009153
8 0.364519 0.474308 0.082839 0.011026
5 0.045418 0.964569 0.008220 0.009632
10 0.380776 0.434569 0.116495 0.042823
8 0.363011 0.531293 0.079856 0.011940
8 0.563472 0.460750 0.036153 0.011540
8 0.073244 0.296235 0.064538 0.012015
8 0.361019 0.362244 0.075352 0.011540
8 0.228456 0.864941 0.092566 0.010623
10 0.094968 0.119673 0.107601 0.015053
10 0.387480 0.831586 0.129836 0.042415
8 0.087781 0.637546 0.093340 0.011662
8 0.074891 0.581628 0.067862 0.011683
8 0.206486 0.610383 0.048226 0.011909
10 0.380224 0.377605 0.115379 0.042357
8 0.564585 0.333188 0.037807 0.011606
8 0.364645 0.291214 0.083252 0.012016
8 0.069739 0.413368 0.057338 0.012438
8 0.080661 0.195534 0.078881 0.012248
8 0.840924 0.494970 0.024724 0.009927
8 0.066302 0.499664 0.050318 0.012513
8 0.223967 0.163096 0.083445 0.010367
10 0.787251 0.053639 0.062207 0.010701
8 0.084820 0.851905 0.087563 0.012344
8 0.218605 0.793852 0.073685 0.011264
8 0.357711 0.816275 0.069271 0.011681
10 0.232575 0.482615 0.101377 0.072342
8 0.596186 0.173954 0.101332 0.011455
8 0.365578 0.760062 0.085192 0.012116
10 0.568833 0.683012 0.046273 0.027356
8 0.716081 0.118737 0.059087 0.012084
8 0.580766 0.117761 0.070406 0.010838
8 0.553494 0.675580 0.015396 0.011923
8 0.362950 0.163680 0.079417 0.011718
8 0.208819 0.219162 0.053906 0.010816
10 0.380116 0.187033 0.116588 0.057967
8 0.087628 0.796112 0.093511 0.012346
8 0.586854 0.716929 0.082953 0.011631
6 0.078761 0.045824 0.063331 0.011845
8 0.367560 0.871986 0.089014 0.011461
10 0.890143 0.552258 0.063196 0.011083
10 0.223649 0.178604 0.083744 0.041968
10 0.380660 0.209287 0.115290 0.013108
7 0.518369 0.030199 0.524693 0.020272
10 0.876992 0.524823 0.102987 0.076440
