10 0.733864 0.287605 0.367218 0.223214
10 0.307500 0.766280 0.366864 0.253977
10 0.307470 0.485025 0.367073 0.238278
10 0.733655 0.707832 0.367781 0.344685
10 0.291493 0.279644 0.399760 0.072190
10 0.733410 0.449096 0.366905 0.070109
10 0.504353 0.132882 0.825941 0.040699
8 0.198454 0.081308 0.215119 0.023974
5 0.904997 0.964570 0.022701 0.008434
8 0.291185 0.342419 0.400289 0.025453
8 0.716638 0.513038 0.399002 0.024972
8 0.187390 0.624767 0.191225 0.011567
8 0.291352 0.205612 0.399027 0.058602
10 0.291352 0.205612 0.399027 0.058602
7 0.417219 0.032274 0.834723 0.021148
6 0.850545 0.053422 0.136840 0.014099
