7 0.318458 0.813321 0.272977 0.230780
10 0.224786 0.312378 0.367644 0.108106
7 0.610664 0.768621 0.130329 0.319823
7 0.893000 0.869813 0.131318 0.117997
8 0.146329 0.185265 0.207907 0.072939
7 0.892783 0.368033 0.131427 0.118706
10 0.101696 0.516081 0.122962 0.101372
7 0.752293 0.869619 0.131823 0.118584
7 0.752491 0.667527 0.130687 0.118121
10 0.746019 0.373726 0.128739 0.207044
10 0.104777 0.726467 0.129114 0.117817
10 0.608567 0.336888 0.108558 0.132971
10 0.298622 0.424324 0.232490 0.041851
7 0.893330 0.731485 0.130418 0.144025
7 0.893242 0.589458 0.131047 0.118833
10 0.388000 0.578955 0.103200 0.100886
8 0.070125 0.093901 0.057755 0.023464
10 0.241805 0.574477 0.071065 0.025801
7 0.704454 0.560956 0.036392 0.035170
6 0.135240 0.031298 0.175386 0.010774
8 0.348624 0.513052 0.023444 0.011401
5 0.044907 0.964471 0.008360 0.008813
10 0.071295 0.911635 0.060860 0.011892
8 0.063528 0.446091 0.045476 0.011308
8 0.578404 0.518935 0.065587 0.013494
5 0.953882 0.964405 0.008094 0.008851
7 0.707228 0.763022 0.028434 0.032974
7 0.846297 0.483062 0.035022 0.035244
8 0.066402 0.647893 0.051332 0.011054
7 0.564278 0.561159 0.036692 0.034643
7 0.058764 0.834709 0.038369 0.037265
10 0.787220 0.053715 0.061873 0.010583
7 0.059870 0.618669 0.039638 0.037195
8 0.216652 0.546194 0.020290 0.010426
0 0.749141 0.591160 0.123588 0.011366
6 0.078849 0.045939 0.062650 0.011218
0 0.589461 0.590268 0.087949 0.009720
0 0.729445 0.792917 0.085756 0.011317
0 0.885175 0.512043 0.114611 0.009272
0 0.867366 0.291637 0.079365 0.010970
10 0.096453 0.886777 0.111545 0.023007
7 0.844496 0.261604 0.027411 0.034472
8 0.867366 0.291637 0.079365 0.010970
7 0.520263 0.030265 0.525096 0.021326
