4 0.718677 0.763586 0.402829 0.208421
4 0.291014 0.612072 0.399641 0.254356
4 0.718303 0.556114 0.400901 0.178266
4 0.718429 0.355569 0.402005 0.193632
4 0.291875 0.812072 0.399370 0.116909
4 0.718789 0.193434 0.402672 0.102748
4 0.291168 0.313530 0.399634 0.314911
4 0.292098 0.906178 0.401154 0.042018
4 0.717637 0.903098 0.401399 0.042033
5 0.903486 0.964530 0.025657 0.008853
10 0.307995 0.105948 0.367290 0.072619
10 0.734147 0.099155 0.367008 0.056712
7 0.418012 0.033170 0.832946 0.020036
6 0.852311 0.052579 0.139365 0.016279
