10 0.488861 0.470772 0.718995 0.063274
10 0.488393 0.367262 0.718896 0.093933
9 0.491150 0.735720 0.719263 0.252129
10 0.488523 0.542363 0.718564 0.030531
8 0.330937 0.219567 0.400395 0.016127
8 0.202209 0.514295 0.144819 0.009598
8 0.232484 0.426995 0.207092 0.010162
4 0.375893 0.584329 0.467871 0.009935
4 0.396725 0.563326 0.498969 0.010307
5 0.904755 0.964674 0.022666 0.008581
4 0.268940 0.573889 0.247660 0.010046
10 0.768371 0.879117 0.139183 0.008935
10 0.759808 0.907108 0.164637 0.012005
10 0.157585 0.903316 0.035444 0.009943
10 0.292291 0.270979 0.325700 0.050138
7 0.251657 0.130944 0.244681 0.070898
8 0.711043 0.078965 0.430984 0.017774
10 0.421365 0.601052 0.579572 0.009649
10 0.713006 0.053307 0.106956 0.011358
8 0.252660 0.145669 0.217437 0.024364
6 0.852801 0.054368 0.137484 0.018971
7 0.349512 0.032077 0.697240 0.019920
