10 0.711107 0.850737 0.403958 0.103398
10 0.710548 0.677389 0.402723 0.103677
10 0.284633 0.744754 0.403642 0.088066
10 0.284415 0.650691 0.402929 0.073224
10 0.710750 0.529445 0.403709 0.073071
10 0.284164 0.507855 0.402418 0.073635
10 0.282885 0.352156 0.400692 0.118091
10 0.284566 0.579332 0.403946 0.042553
4 0.711290 0.154521 0.400719 0.088284
10 0.300550 0.143964 0.369583 0.148665
4 0.711082 0.353553 0.400756 0.057545
10 0.710844 0.763908 0.403155 0.042756
4 0.711218 0.425032 0.401467 0.058038
4 0.711211 0.241047 0.401058 0.057885
4 0.285003 0.888407 0.401982 0.058258
10 0.300324 0.245096 0.369932 0.027352
4 0.710718 0.297078 0.400472 0.027636
4 0.709955 0.083127 0.399145 0.027474
8 0.708784 0.603557 0.400704 0.029657
8 0.282777 0.448811 0.399845 0.030367
4 0.709705 0.473512 0.398741 0.012672
8 0.266539 0.844565 0.367488 0.015078
8 0.140069 0.278777 0.114367 0.012695
5 0.095392 0.965084 0.025045 0.011307
10 0.235465 0.808351 0.305295 0.012548
6 0.271127 0.031241 0.349327 0.011318
7 0.893453 0.031934 0.213716 0.016511
6 0.161160 0.046318 0.131262 0.011270
