6 0.837863 0.113226 0.039925 0.037105
4 0.564894 0.175806 0.672658 0.053719
4 0.569233 0.259985 0.670922 0.052612
4 0.505439 0.328103 0.550278 0.024921
4 0.498930 0.376008 0.530315 0.018829
4 0.507175 0.421328 0.557221 0.016060
4 0.523666 0.496923 0.590203 0.070887
10 0.571403 0.598054 0.670054 0.085963
4 0.411267 0.678695 0.361933 0.019937
4 0.416041 0.711339 0.368009 0.018276
4 0.430362 0.739860 0.393179 0.014399
4 0.492854 0.786103 0.523371 0.045966
4 0.566630 0.865021 0.676130 0.055381
4 0.568366 0.949261 0.683073 0.049966
