6 0.825891 0.144805 0.060986 0.022094
4 0.556609 0.192675 0.510219 0.014729
4 0.563480 0.215996 0.523963 0.012274
6 0.493905 0.241158 0.389966 0.015957
4 0.541577 0.263559 0.480156 0.017798
10 0.546301 0.304064 0.493040 0.047256
4 0.550596 0.352616 0.505066 0.012888
4 0.435925 0.377471 0.277442 0.018411
4 0.567775 0.400792 0.542860 0.019639
4 0.556609 0.432398 0.522245 0.036209
10 0.570352 0.489303 0.549731 0.049097
4 0.560044 0.537071 0.530834 0.017798
4 0.453963 0.562847 0.316954 0.015343
4 0.554891 0.585554 0.527398 0.016570
4 0.465130 0.611023 0.339287 0.015957
4 0.571640 0.633731 0.554026 0.017184
4 0.570352 0.657359 0.558321 0.016570
4 0.570781 0.683134 0.555744 0.016570
4 0.554461 0.714127 0.524821 0.035595
4 0.444944 0.755451 0.304070 0.018411
4 0.502494 0.779692 0.429477 0.020253
4 0.505501 0.802093 0.433772 0.015957
4 0.515808 0.827562 0.449233 0.017798
4 0.539429 0.850883 0.503348 0.015343
4 0.534276 0.876352 0.491322 0.019639
4 0.454393 0.899060 0.333275 0.018411
