6 0.753983 0.024846 0.443550 0.010981
6 0.521055 0.141369 0.130405 0.017082
6 0.739398 0.112391 0.136411 0.039654
8 0.520197 0.172177 0.416954 0.034774
8 0.522771 0.219152 0.549075 0.033554
3 0.243515 0.256672 0.194750 0.015862
10 0.367915 0.302257 0.393790 0.034774
10 0.810177 0.303782 0.125258 0.017082
10 0.352043 0.369059 0.356899 0.036604
8 0.648886 0.334591 0.077214 0.016472
10 0.793877 0.381566 0.145848 0.021352
8 0.526631 0.426236 0.373199 0.017692
10 0.524487 0.473516 0.756694 0.050025
10 0.437836 0.526592 0.219630 0.015862
10 0.527918 0.565840 0.607414 0.050025
10 0.524487 0.660705 0.609130 0.125064
10 0.528347 0.780109 0.608272 0.106152
10 0.898544 0.879686 0.168154 0.017082
10 0.049623 0.880906 0.062629 0.012201
