6 0.829739 0.065870 0.085206 0.028556
8 0.615432 0.123806 0.350292 0.017024
8 0.613711 0.149342 0.327915 0.015376
8 0.614141 0.179271 0.495746 0.018122
8 0.358522 0.205905 0.218610 0.016475
10 0.357231 0.234186 0.212585 0.014827
10 0.284075 0.261369 0.071436 0.014278
10 0.408872 0.287728 0.317587 0.018671
10 0.784123 0.234186 0.093813 0.018122
10 0.797894 0.288552 0.126518 0.018122
8 0.583587 0.348959 0.107584 0.018122
10 0.613950 0.430752 0.738454 0.121912
10 0.554994 0.558431 0.728987 0.071939
10 0.555424 0.662129 0.735012 0.087865
10 0.842888 0.726380 0.094674 0.014278
8 0.323904 0.765645 0.151478 0.018122
10 0.584687 0.818180 0.676486 0.064983
10 0.518416 0.880052 0.538779 0.018122
10 0.856659 0.925906 0.110166 0.016475
