6 0.845661 0.034693 0.228938 0.035335
6 0.581436 0.080242 0.599026 0.017115
8 0.578854 0.104535 0.127379 0.016011
8 0.581436 0.131312 0.275414 0.016563
6 0.883531 0.104811 0.065411 0.025397
10 0.371863 0.258082 0.255619 0.017115
10 0.872342 0.256978 0.087788 0.014907
8 0.573690 0.308600 0.080903 0.016563
10 0.459651 0.359117 0.429474 0.017115
10 0.851256 0.359577 0.131682 0.014355
3 0.799615 0.384146 0.188487 0.013803
10 0.584878 0.483525 0.681650 0.070118
10 0.582296 0.597566 0.679929 0.095514
10 0.583587 0.813624 0.684232 0.273661
