6 0.786654 0.066644 0.138871 0.032675
6 0.780144 0.109287 0.282082 0.028244
10 0.566196 0.167714 0.583259 0.035444
10 0.567932 0.203989 0.604090 0.038213
8 0.569667 0.248016 0.335027 0.021045
10 0.567064 0.318750 0.675262 0.091378
10 0.836561 0.387053 0.136267 0.019383
8 0.566630 0.420282 0.098078 0.020491
10 0.572705 0.473170 0.676130 0.053166
10 0.524100 0.523567 0.591071 0.016614
4 0.487647 0.556149 0.506012 0.017168
10 0.549271 0.604608 0.627525 0.053166
4 0.441212 0.654174 0.414878 0.017168
4 0.446853 0.690448 0.429633 0.014399
10 0.570535 0.755828 0.670054 0.080918
10 0.570101 0.838438 0.674394 0.054396
10 0.601347 0.922955 0.610166 0.055935
