6 0.499533 0.048521 0.108624 0.018438
8 0.499968 0.074027 0.316314 0.036261
10 0.843655 0.028854 0.193786 0.013521
3 0.859732 0.044526 0.220725 0.012906
3 0.821061 0.062042 0.146860 0.012292
3 0.821496 0.079865 0.149467 0.018438
8 0.503009 0.124423 0.657829 0.031344
10 0.501271 0.152079 0.049533 0.015365
8 0.499099 0.168366 0.556157 0.015979
10 0.499968 0.204012 0.782096 0.051625
10 0.498230 0.237814 0.050402 0.013521
8 0.499533 0.254408 0.543122 0.014750
10 0.499099 0.288518 0.811641 0.049782
10 0.499099 0.322320 0.048664 0.017823
8 0.497795 0.339222 0.546598 0.015979
10 0.499099 0.374560 0.804689 0.049782
10 0.278374 0.428917 0.361502 0.019052
10 0.847131 0.428303 0.127742 0.015365
10 0.833662 0.474397 0.142515 0.016594
8 0.501706 0.451350 0.074734 0.018438
10 0.327038 0.474704 0.460567 0.017208
8 0.501271 0.512501 0.160764 0.015365
10 0.498664 0.542377 0.812510 0.038104
10 0.479546 0.632414 0.671733 0.119845
10 0.498664 0.733036 0.817724 0.068834
10 0.497795 0.796646 0.815986 0.037490
9 0.438704 0.877294 0.685637 0.094032
