6 0.825690 0.062879 0.071725 0.024994
6 0.602920 0.128623 0.334999 0.019560
8 0.601654 0.163307 0.310528 0.014670
8 0.603764 0.195635 0.470011 0.017387
8 0.356522 0.230138 0.203362 0.019017
10 0.357788 0.263281 0.202518 0.016844
10 0.761981 0.263010 0.087758 0.014127
10 0.288594 0.295882 0.072569 0.015757
10 0.407152 0.329841 0.302934 0.015214
10 0.779280 0.332014 0.124043 0.011954
10 0.599966 0.387193 0.688562 0.029944
10 0.604185 0.463140 0.697001 0.090195
10 0.601654 0.578510 0.698688 0.120622
10 0.604186 0.711357 0.698688 0.115732
8 0.394073 0.797657 0.276775 0.015214
10 0.602498 0.882690 0.693625 0.118992
