6 0.729637 0.106204 0.301438 0.051412
8 0.566791 0.178623 0.547440 0.035933
10 0.570689 0.217781 0.231276 0.021007
10 0.567657 0.248186 0.337819 0.016584
10 0.316025 0.310101 0.161980 0.014373
10 0.568523 0.396801 0.677370 0.087038
10 0.802398 0.486756 0.209621 0.027641
10 0.318624 0.528770 0.167177 0.015479
10 0.567657 0.609757 0.673905 0.085686
10 0.800665 0.702046 0.214818 0.030958
10 0.317324 0.741020 0.161114 0.018243
10 0.565058 0.823666 0.673905 0.087345
10 0.798933 0.915279 0.207888 0.038144
