5 0.576529 0.960978 0.024051 0.010383
6 0.831639 0.152572 0.061845 0.028095
10 0.583830 0.307162 0.557462 0.245661
10 0.581683 0.485028 0.563474 0.090528
8 0.582971 0.547699 0.078165 0.015269
10 0.546895 0.564495 0.394260 0.015880
10 0.804582 0.579458 0.112523 0.015269
10 0.797710 0.596254 0.131420 0.014658
10 0.764640 0.611828 0.194124 0.014047
10 0.740590 0.627403 0.240507 0.015880
3 0.394001 0.644199 0.182957 0.018934
10 0.580824 0.690888 0.560039 0.048250
10 0.805011 0.738832 0.109946 0.014658
10 0.793845 0.754712 0.128843 0.018323
10 0.759057 0.771202 0.201854 0.015880
10 0.738013 0.784944 0.243943 0.016490
3 0.391854 0.804183 0.182098 0.014658
10 0.579106 0.833500 0.305788 0.020766
