6 0.529136 0.059274 0.117522 0.015680
8 0.549850 0.087041 0.350029 0.034626
3 0.877897 0.057968 0.223207 0.018293
3 0.853378 0.077894 0.165714 0.018946
3 0.854646 0.096187 0.168251 0.017640
8 0.561264 0.140287 0.702595 0.035280
10 0.561687 0.170666 0.057493 0.018946
8 0.561264 0.189613 0.673848 0.016333
10 0.563801 0.231426 0.744869 0.056839
10 0.399777 0.282857 0.438805 0.018293
10 0.820404 0.282530 0.148805 0.018946
10 0.420492 0.343290 0.488688 0.017640
8 0.591702 0.320097 0.078630 0.014373
10 0.835623 0.341656 0.165714 0.015680
8 0.562955 0.375303 0.161487 0.017640
10 0.559573 0.420600 0.765160 0.046386
10 0.565069 0.527092 0.539417 0.145692
10 0.561687 0.663783 0.762624 0.105186
10 0.561264 0.797279 0.766851 0.140465
10 0.562532 0.898871 0.769388 0.050959
