6 0.735618 0.022873 0.424127 0.015360
10 0.763635 0.097524 0.190512 0.055297
6 0.519245 0.138997 0.122411 0.016589
8 0.520538 0.174018 0.390507 0.014132
8 0.521400 0.154972 0.357749 0.015360
8 0.519245 0.208869 0.520676 0.029492
10 0.521400 0.234675 0.062929 0.013517
10 0.519245 0.270003 0.724119 0.047310
3 0.243821 0.312091 0.180168 0.014746
10 0.356749 0.353564 0.369818 0.031335
10 0.788203 0.353256 0.112066 0.017204
8 0.645104 0.384421 0.070688 0.016589
10 0.801996 0.413913 0.137927 0.015360
10 0.338215 0.414834 0.336198 0.031950
8 0.523124 0.465523 0.193960 0.017818
10 0.519676 0.497780 0.743946 0.030721
10 0.524848 0.564273 0.600846 0.063899
10 0.522693 0.635682 0.599984 0.066357
10 0.522693 0.696816 0.599984 0.047310
10 0.522693 0.744740 0.599984 0.033793
10 0.521831 0.821678 0.603432 0.114895
