6 0.750551 0.023699 0.428107 0.014729
10 0.506470 0.069727 0.569665 0.013502
10 0.522771 0.119131 0.603982 0.070577
10 0.524058 0.175286 0.604840 0.033141
10 0.523629 0.234169 0.603982 0.074259
10 0.503896 0.282038 0.355183 0.014115
10 0.526203 0.321930 0.609130 0.050938
10 0.527489 0.384222 0.760984 0.052779
10 0.528776 0.437308 0.756694 0.032527
10 0.528776 0.492440 0.758410 0.051552
10 0.530063 0.554732 0.759268 0.053393
10 0.542503 0.601067 0.676048 0.015957
10 0.531350 0.663871 0.758410 0.084693
10 0.465290 0.720946 0.240220 0.015957
10 0.530492 0.763292 0.603982 0.052779
10 0.530492 0.812083 0.603982 0.033754
10 0.899831 0.880273 0.174160 0.012888
10 0.053054 0.879352 0.062629 0.017184
