6 0.821515 0.147605 0.059386 0.021962
10 0.620118 0.201291 0.444966 0.034164
10 0.562453 0.256197 0.537918 0.047585
10 0.405811 0.306833 0.219471 0.017082
10 0.571490 0.352655 0.561156 0.065887
4 0.472513 0.411120 0.354596 0.018912
4 0.443681 0.434303 0.300374 0.015252
4 0.454870 0.457790 0.324472 0.018302
4 0.457452 0.481583 0.333079 0.018302
4 0.562023 0.513916 0.540500 0.030503
10 0.566326 0.568823 0.559435 0.051246
4 0.525875 0.626779 0.480254 0.031724
4 0.462616 0.658096 0.343407 0.018302
4 0.461325 0.681583 0.342546 0.018912
4 0.568478 0.707511 0.560296 0.012201
4 0.545240 0.738014 0.517262 0.032944
4 0.532760 0.786820 0.488860 0.032944
4 0.555138 0.834710 0.535336 0.031113
10 0.608499 0.883278 0.447548 0.031724
