10 0.773317 0.658671 0.241848 0.016528
6 0.293494 0.039996 0.113608 0.014079
10 0.310277 0.063564 0.336522 0.030607
8 0.500485 0.116821 0.663576 0.029383
3 0.710058 0.038772 0.222053 0.016528
10 0.673910 0.056830 0.144592 0.013467
10 0.679074 0.074276 0.148035 0.014079
10 0.288760 0.159059 0.248733 0.017140
10 0.790100 0.159059 0.135986 0.015916
8 0.505219 0.192114 0.075739 0.015916
10 0.797846 0.227619 0.144592 0.014691
10 0.390319 0.228231 0.451851 0.018364
8 0.511674 0.262205 0.167831 0.016528
10 0.500485 0.304443 0.785791 0.047135
10 0.432492 0.344437 0.331358 0.015304
10 0.522432 0.369841 0.605911 0.029383
10 0.522862 0.400448 0.605051 0.026934
10 0.522002 0.432280 0.606772 0.030607
10 0.500915 0.481557 0.791816 0.044687
10 0.360196 0.521177 0.382998 0.015916
10 0.503928 0.564027 0.794398 0.048972
10 0.354602 0.606265 0.370088 0.023262
