10 0.832426 0.150960 0.060634 0.028673
8 0.576030 0.191530 0.363805 0.014642
8 0.578196 0.215628 0.317896 0.029893
10 0.577329 0.254062 0.479010 0.015252
8 0.401490 0.276024 0.205290 0.015252
10 0.422279 0.306223 0.248600 0.017082
10 0.766162 0.304087 0.130797 0.015252
10 0.589023 0.330015 0.079691 0.018302
10 0.458660 0.352045 0.317896 0.014642
10 0.772225 0.352045 0.142923 0.014642
8 0.418814 0.384074 0.245135 0.012811
8 0.574298 0.406036 0.549172 0.031113
8 0.312272 0.428507 0.030317 0.015862
10 0.537917 0.459926 0.384594 0.049415
10 0.628868 0.513916 0.362072 0.030503
8 0.463424 0.539539 0.341284 0.013421
10 0.573432 0.630812 0.566496 0.141061
10 0.565203 0.770958 0.572560 0.111168
10 0.568667 0.878398 0.567362 0.079309
