6 0.811926 0.113852 0.072761 0.026535
10 0.562027 0.173279 0.669574 0.050306
10 0.805429 0.241828 0.184501 0.018243
10 0.307363 0.287712 0.167177 0.020454
10 0.558129 0.372385 0.682567 0.090293
10 0.803264 0.461203 0.195762 0.038697
10 0.303465 0.489397 0.148987 0.015479
10 0.563759 0.554998 0.671307 0.088082
10 0.804996 0.627508 0.192297 0.019349
10 0.311261 0.662889 0.162846 0.017137
10 0.558995 0.713471 0.663511 0.053070
10 0.810193 0.773574 0.194029 0.038144
10 0.311694 0.833831 0.163712 0.016032
10 0.561593 0.886256 0.670440 0.054176
