6 0.825711 0.112672 0.071172 0.032675
6 0.570969 0.174145 0.672658 0.057042
10 0.571403 0.310166 0.680469 0.155189
8 0.574875 0.427358 0.095474 0.019383
10 0.574007 0.492277 0.673526 0.053719
10 0.573573 0.574241 0.670922 0.049289
10 0.815296 0.648235 0.192684 0.034459
10 0.321435 0.690386 0.161438 0.014399
10 0.573139 0.744198 0.675262 0.052243
10 0.817466 0.796072 0.191816 0.018276
10 0.321869 0.864744 0.164042 0.016060
10 0.576611 0.918002 0.671790 0.057227
10 0.815730 0.965999 0.191816 0.012184
