10 0.210812 0.059673 0.060875 0.017640
10 0.562110 0.117493 0.763469 0.074479
10 0.561687 0.206345 0.762624 0.077093
10 0.559573 0.370149 0.763469 0.228011
10 0.509267 0.517437 0.661166 0.047693
10 0.562532 0.575583 0.762624 0.046386
10 0.434865 0.619030 0.387230 0.019600
10 0.825054 0.658883 0.234198 0.011760
8 0.224340 0.679136 0.081166 0.016986
10 0.330448 0.698627 0.298455 0.013720
10 0.311002 0.716920 0.259563 0.017640
10 0.295783 0.737826 0.230816 0.016333
10 0.302970 0.757753 0.240117 0.018293
10 0.315652 0.777679 0.272245 0.017640
5 0.825054 0.835498 0.235889 0.020906
