6 0.366842 0.222430 0.097881 0.013483
8 0.382001 0.244493 0.282382 0.028191
8 0.485512 0.285859 0.556968 0.026352
3 0.717654 0.222430 0.184501 0.011031
10 0.682573 0.237138 0.119536 0.011031
10 0.692101 0.251847 0.133395 0.012257
10 0.359913 0.320859 0.200093 0.015321
10 0.774824 0.321166 0.118670 0.015934
8 0.542681 0.347824 0.064965 0.012870
10 0.446100 0.376628 0.381129 0.015321
10 0.785218 0.377854 0.127332 0.012870
8 0.549178 0.405193 0.145522 0.015934
10 0.534452 0.449148 0.668708 0.061897
10 0.531421 0.507674 0.673039 0.036771
10 0.531421 0.551186 0.671307 0.039222
10 0.414917 0.587956 0.332622 0.017160
10 0.763563 0.611244 0.213952 0.018385
8 0.236046 0.641035 0.075360 0.012870
10 0.376804 0.664323 0.254663 0.014095
10 0.391962 0.685466 0.286713 0.015934
10 0.764429 0.709367 0.210487 0.014708
