6 0.480546 0.047360 0.115330 0.016404
10 0.880758 0.024804 0.165249 0.028707
8 0.493456 0.074017 0.358038 0.035738
8 0.774034 0.072552 0.105002 0.031637
8 0.518846 0.117371 0.503492 0.013475
10 0.518846 0.133189 0.716938 0.013475
10 0.517125 0.152522 0.043894 0.012303
8 0.517125 0.168634 0.505213 0.017576
10 0.521428 0.196462 0.544804 0.034566
8 0.521428 0.223998 0.510377 0.018162
10 0.516694 0.249190 0.574927 0.031051
8 0.520137 0.285220 0.717798 0.033980
10 0.344991 0.319624 0.443245 0.014647
8 0.527883 0.340129 0.080903 0.013475
10 0.807601 0.319331 0.125658 0.018748
10 0.366077 0.361806 0.490582 0.020505
10 0.818359 0.361513 0.171273 0.018748
8 0.519707 0.402816 0.167831 0.014647
10 0.528744 0.444543 0.803865 0.038081
8 0.158226 0.483210 0.069714 0.013475
10 0.547248 0.525750 0.670461 0.050384
10 0.517555 0.594882 0.800423 0.069132
10 0.516264 0.726017 0.803005 0.175303
10 0.519276 0.873785 0.796980 0.096798
