6 0.473991 0.039215 0.109250 0.016514
8 0.473137 0.063680 0.329456 0.033639
8 0.776561 0.054811 0.180091 0.018349
8 0.479538 0.115974 0.709270 0.037921
10 0.258052 0.164972 0.262882 0.018349
10 0.785097 0.164054 0.125467 0.018960
10 0.366448 0.201669 0.483089 0.017125
8 0.526055 0.180874 0.081937 0.015902
10 0.813689 0.201057 0.165582 0.019572
8 0.513252 0.238061 0.356769 0.012844
10 0.514959 0.279787 0.780112 0.042202
10 0.551660 0.346896 0.520644 0.070948
10 0.531176 0.416621 0.508694 0.069725
10 0.513679 0.510234 0.786087 0.067347
10 0.514533 0.575711 0.787794 0.041590
8 0.370715 0.792804 0.363597 0.015291
10 0.510265 0.689745 0.504427 0.166362
10 0.231166 0.861000 0.209111 0.047707
10 0.613113 0.898445 0.191187 0.116209
10 0.757784 0.846763 0.086205 0.016514
