6 0.810914 0.147007 0.060055 0.023209
8 0.562972 0.232514 0.509610 0.029316
8 0.564259 0.257860 0.446981 0.015269
10 0.737990 0.273434 0.202471 0.013437
10 0.523507 0.312896 0.470145 0.060465
10 0.683082 0.351985 0.317434 0.017712
8 0.564688 0.369459 0.066919 0.014658
4 0.464310 0.387544 0.350035 0.015269
4 0.560398 0.410142 0.547359 0.017712
4 0.547529 0.441291 0.523337 0.031149
10 0.542811 0.489846 0.519047 0.031759
4 0.539379 0.530971 0.510468 0.019544
4 0.541095 0.555706 0.512184 0.018933
4 0.535518 0.580137 0.501031 0.018934
4 0.537663 0.602124 0.503605 0.017712
10 0.572409 0.644877 0.483872 0.045807
4 0.426132 0.691804 0.290838 0.018323
4 0.447151 0.714096 0.331161 0.017712
4 0.480611 0.739443 0.396363 0.019544
4 0.544526 0.771202 0.524195 0.030538
4 0.541359 0.818148 0.523337 0.031149
4 0.542646 0.866397 0.524195 0.032370
