6 0.311568 0.038268 0.115330 0.015862
8 0.326630 0.064805 0.338243 0.031113
8 0.516838 0.114831 0.665297 0.033554
3 0.728562 0.037962 0.222913 0.015252
10 0.689832 0.055044 0.147174 0.016472
10 0.695857 0.073651 0.145453 0.017082
10 0.304683 0.158756 0.251315 0.016472
8 0.522432 0.174312 0.075739 0.014642
10 0.805592 0.159671 0.125658 0.013421
10 0.813338 0.210001 0.146314 0.018912
10 0.409254 0.210306 0.448409 0.013421
8 0.530178 0.244470 0.166970 0.017082
10 0.515116 0.300020 0.790955 0.070158
10 0.518989 0.385430 0.476811 0.079919
10 0.516838 0.458943 0.794398 0.041485
10 0.512965 0.530320 0.793537 0.074428
10 0.398496 0.585362 0.428613 0.017082
10 0.515116 0.624406 0.784070 0.039044
10 0.360196 0.668331 0.357178 0.020742
10 0.791391 0.724288 0.245291 0.020132
