6 0.501633 0.088737 0.102420 0.013376
6 0.923361 0.030977 0.071436 0.023104
8 0.490444 0.110625 0.296931 0.029184
8 0.749936 0.095121 0.092952 0.027360
8 0.526162 0.155922 0.590419 0.026144
10 0.337245 0.193618 0.219471 0.010336
10 0.778338 0.191490 0.115330 0.015808
8 0.529174 0.223106 0.064550 0.013376
10 0.428476 0.253506 0.398490 0.013376
10 0.787805 0.253810 0.123936 0.013984
8 0.561449 0.284210 0.271972 0.013984
10 0.523580 0.323426 0.695421 0.041344
8 0.208575 0.365986 0.056804 0.014592
10 0.544236 0.433677 0.535336 0.108224
10 0.520998 0.582402 0.719520 0.178280
10 0.423742 0.689782 0.387301 0.015808
5 0.768440 0.715014 0.222913 0.015200
