6 0.475280 0.045659 0.120686 0.015839
8 0.486056 0.073683 0.359473 0.035334
8 0.765790 0.072160 0.099997 0.035943
8 0.508900 0.119982 0.517228 0.017058
10 0.511917 0.137954 0.787048 0.017667
10 0.511486 0.155621 0.031034 0.014012
8 0.511055 0.184558 0.721532 0.034115
10 0.334336 0.220197 0.443954 0.015230
8 0.515366 0.240605 0.090515 0.015839
10 0.802858 0.220806 0.136203 0.014012
10 0.357611 0.263146 0.487056 0.017058
10 0.809323 0.264059 0.171547 0.016449
8 0.510624 0.308227 0.167237 0.014621
10 0.509762 0.350566 0.796530 0.040817
10 0.530882 0.445738 0.611191 0.123669
10 0.508900 0.595805 0.796530 0.098082
10 0.511917 0.678048 0.793944 0.040817
10 0.380886 0.719779 0.412920 0.017058
5 0.784755 0.756331 0.255166 0.019495
