4 0.473759 0.953881 0.476502 0.017704
4 0.474627 0.902153 0.483446 0.016044
4 0.491986 0.858447 0.519899 0.014938
10 0.497628 0.693581 0.531183 0.021576
10 0.593970 0.773801 0.614505 0.100136
4 0.511081 0.647416 0.558089 0.020470
4 0.509779 0.599285 0.550278 0.019363
4 0.570101 0.534555 0.669186 0.053664
4 0.569667 0.451877 0.671790 0.055877
10 0.546233 0.303885 0.498201 0.023236
10 0.598310 0.368614 0.612770 0.054218
4 0.525402 0.254370 0.588467 0.022683
4 0.468552 0.155709 0.473030 0.019363
4 0.525402 0.203011 0.588467 0.016597
6 0.830485 0.110343 0.073775 0.031535
