10 0.550585 0.086521 0.724611 0.031398
10 0.534332 0.141990 0.754408 0.066982
10 0.535009 0.225718 0.753053 0.085820
10 0.534332 0.297932 0.751699 0.050236
10 0.533655 0.346599 0.753053 0.032444
10 0.498440 0.410258 0.826192 0.050236
4 0.430042 0.456308 0.499778 0.014652
4 0.331847 0.475670 0.303388 0.013606
4 0.414467 0.495556 0.465918 0.013606
4 0.472706 0.513348 0.587815 0.015699
8 0.253969 0.551434 0.334540 0.014652
10 0.533655 0.641945 0.755762 0.143383
8 0.500472 0.740848 0.824837 0.029305
10 0.533655 0.842367 0.755762 0.142336
5 0.498440 0.952259 0.083974 0.027211
