6 0.376111 0.188746 0.301779 0.014728
6 0.773188 0.187519 0.013765 0.013910
10 0.746187 0.275477 0.057179 0.111278
10 0.461880 0.269449 0.473316 0.104732
4 0.476704 0.343796 0.441550 0.027819
4 0.477234 0.383055 0.444726 0.027001
10 0.466116 0.460785 0.473316 0.102277
10 0.466116 0.564761 0.473316 0.087549
10 0.260165 0.616718 0.061415 0.013092
10 0.465586 0.663171 0.474375 0.055639
4 0.478822 0.715946 0.443667 0.030274
10 0.478822 0.776495 0.447903 0.074458
10 0.745128 0.661944 0.044473 0.049911
