9 0.517119 0.110228 0.799152 0.036855
8 0.382514 0.161415 0.392157 0.016380
10 0.487972 0.179433 0.603074 0.013104
8 0.398942 0.197451 0.425013 0.016380
10 0.552095 0.243725 0.731320 0.067977
10 0.443987 0.288770 0.515103 0.015561
10 0.549446 0.316616 0.728140 0.033579
10 0.549976 0.353471 0.731320 0.031941
8 0.502811 0.408367 0.779014 0.016380
8 0.381984 0.434984 0.395336 0.013923
10 0.551035 0.462011 0.735559 0.033579
8 0.398942 0.489857 0.429253 0.015561
10 0.551035 0.518113 0.735559 0.034398
10 0.494862 0.547597 0.627451 0.016380
8 0.447167 0.590185 0.663487 0.013104
8 0.238370 0.616802 0.105988 0.015561
8 0.379864 0.633592 0.388977 0.014742
10 0.552625 0.699112 0.732379 0.106470
8 0.398412 0.764609 0.426073 0.014742
10 0.397352 0.783036 0.423953 0.013923
8 0.375095 0.827672 0.521463 0.014742
8 0.238370 0.853880 0.105988 0.016380
5 0.517119 0.914076 0.267091 0.027027
