4 0.210756 0.077111 0.113771 0.013606
4 0.457259 0.096996 0.606777 0.017792
8 0.201275 0.151942 0.235668 0.016745
10 0.533106 0.187003 0.755762 0.032444
10 0.533784 0.231483 0.754408 0.031398
10 0.441006 0.259741 0.571562 0.016745
10 0.533784 0.490158 0.754408 0.438522
8 0.206693 0.755553 0.238377 0.014652
10 0.533106 0.789568 0.755762 0.032444
8 0.189086 0.845560 0.211288 0.014652
8 0.414595 0.871202 0.518740 0.015699
10 0.534461 0.905216 0.758471 0.031398
5 0.498569 0.951789 0.085328 0.024072
