8 0.200868 0.100229 0.171537 0.013910
8 0.283460 0.136639 0.334604 0.014728
10 0.517471 0.174687 0.802625 0.013910
10 0.333227 0.193506 0.317662 0.012273
10 0.516412 0.230735 0.802625 0.014728
10 0.319991 0.248735 0.286954 0.013092
10 0.460292 0.285456 0.684031 0.013910
10 0.514294 0.322276 0.800507 0.013910
10 0.425349 0.341095 0.499788 0.013910
8 0.297225 0.397397 0.364252 0.013910
10 0.518000 0.452627 0.801566 0.050730
10 0.516941 0.517267 0.801566 0.032729
10 0.240576 0.545904 0.130241 0.016364
10 0.501588 0.580679 0.768741 0.015546
8 0.219928 0.618726 0.209657 0.014728
10 0.516941 0.692775 0.799449 0.085913
10 0.330580 0.767233 0.430961 0.012273
8 0.403113 0.802825 0.576026 0.014728
8 0.186573 0.841281 0.142948 0.014728
10 0.518000 0.887102 0.801566 0.031092
5 0.516941 0.939877 0.253070 0.025365
