10 0.546177 0.119823 0.740152 0.049911
4 0.561001 0.183235 0.710503 0.013092
10 0.305813 0.201645 0.119653 0.015546
4 0.563119 0.220873 0.708385 0.011455
10 0.288342 0.239692 0.091063 0.014728
4 0.564178 0.258921 0.708386 0.012273
10 0.425995 0.278149 0.366370 0.013092
4 0.561531 0.297377 0.709444 0.013910
10 0.384699 0.314559 0.283778 0.015546
4 0.563648 0.333788 0.709444 0.013091
10 0.514940 0.352607 0.542143 0.013092
10 0.518117 0.399245 0.802625 0.032729
10 0.378875 0.427474 0.411901 0.013910
10 0.536118 0.464294 0.722151 0.013910
8 0.238575 0.500713 0.243541 0.011455
10 0.547765 0.557580 0.745446 0.051548
10 0.224280 0.593172 0.100593 0.011455
8 0.210515 0.630232 0.185303 0.013910
8 0.324873 0.667461 0.299661 0.013092
10 0.548295 0.713690 0.740152 0.071185
10 0.306872 0.759102 0.259424 0.013091
8 0.284106 0.796740 0.216010 0.013091
10 0.546706 0.815150 0.741211 0.013910
4 0.361404 0.843378 0.307073 0.011455
4 0.549883 0.861379 0.684031 0.013091
4 0.545118 0.880607 0.672384 0.010637
4 0.527647 0.901063 0.633206 0.013910
5 0.517588 0.940746 0.253070 0.027819
