10 0.546522 0.118642 0.743572 0.051283
8 0.270899 0.211265 0.311515 0.014652
10 0.545167 0.266211 0.740864 0.051283
10 0.546522 0.330577 0.743572 0.033491
10 0.450358 0.358835 0.553955 0.014652
10 0.328461 0.378197 0.307452 0.015699
8 0.258032 0.414645 0.169302 0.017792
10 0.547199 0.460695 0.742218 0.032444
10 0.546522 0.524967 0.740864 0.050236
8 0.249228 0.581743 0.148985 0.014652
10 0.545167 0.673159 0.740864 0.123498
10 0.546522 0.784800 0.740864 0.052330
10 0.546522 0.868434 0.743572 0.070122
5 0.517402 0.940649 0.254629 0.028258
