8 0.300281 0.095349 0.228716 0.013092
8 0.407227 0.121941 0.444726 0.012273
4 0.470230 0.140760 0.524142 0.013910
4 0.318811 0.160807 0.217069 0.014728
4 0.321988 0.180444 0.225540 0.013092
4 0.560763 0.208672 0.700973 0.030274
4 0.402991 0.237719 0.385430 0.013092
4 0.413051 0.256129 0.342016 0.010637
4 0.368049 0.274948 0.249894 0.013910
4 0.345283 0.292949 0.202245 0.010637
10 0.550175 0.321178 0.730622 0.031092
10 0.423110 0.349406 0.406607 0.012273
10 0.548586 0.376817 0.725327 0.029456
10 0.548586 0.441047 0.723210 0.087549
10 0.404580 0.496277 0.371664 0.014728
10 0.514702 0.571144 0.795213 0.087549
10 0.148862 0.625964 0.063532 0.015546
9 0.518938 0.775699 0.801566 0.279013
5 0.514173 0.942206 0.097416 0.024547
