10 0.534393 0.096800 0.753577 0.046683
10 0.518495 0.132836 0.723900 0.012285
10 0.535983 0.161911 0.756757 0.029484
10 0.536513 0.196718 0.755697 0.033579
10 0.533863 0.236440 0.754637 0.031122
10 0.488288 0.262648 0.661367 0.014742
8 0.250874 0.307928 0.332803 0.015561
8 0.243985 0.334536 0.316905 0.014742
10 0.533333 0.379581 0.755697 0.050778
10 0.534923 0.435273 0.754637 0.049140
10 0.535453 0.499565 0.753577 0.067977
10 0.534393 0.555666 0.753577 0.029484
10 0.534923 0.703496 0.756757 0.253071
10 0.534393 0.860278 0.757817 0.051597
10 0.533863 0.906552 0.754637 0.029484
5 0.499417 0.951597 0.085851 0.024570
5 0.868257 0.959787 0.098569 0.018018
