10 0.917862 0.090192 0.023965 0.026605
6 0.513985 0.135027 0.752777 0.013795
10 0.335658 0.214350 0.322820 0.123172
10 0.744470 0.166066 0.303084 0.024634
10 0.742355 0.217799 0.304494 0.059123
10 0.743765 0.272980 0.301675 0.033503
10 0.738831 0.373981 0.300265 0.148792
10 0.709932 0.501588 0.363701 0.090655
10 0.709227 0.566130 0.362292 0.024634
4 0.704998 0.592243 0.286168 0.013795
10 0.333544 0.316829 0.327049 0.062079
10 0.332839 0.387284 0.322820 0.061093
10 0.312398 0.466615 0.363701 0.076859
10 0.332839 0.532143 0.322820 0.034488
10 0.330724 0.570573 0.324230 0.022664
10 0.331429 0.605028 0.322820 0.024634
10 0.330724 0.671541 0.321410 0.096567
10 0.339887 0.754806 0.303084 0.060108
10 0.328610 0.814914 0.325639 0.048284
10 0.339887 0.855807 0.305904 0.023649
4 0.726849 0.624736 0.324230 0.036459
4 0.724029 0.664151 0.321410 0.022664
4 0.725439 0.695683 0.321410 0.020693
4 0.724734 0.726722 0.325639 0.021678
4 0.724734 0.758254 0.322820 0.023649
4 0.724734 0.790279 0.320001 0.020693
4 0.723324 0.820333 0.322820 0.021678
4 0.724734 0.851373 0.320001 0.020693
