10 0.551796 0.109656 0.732169 0.031152
10 0.552446 0.139301 0.736071 0.014069
10 0.455561 0.154374 0.477276 0.014069
10 0.552446 0.194571 0.733470 0.050246
10 0.320311 0.229241 0.196372 0.015074
10 0.552446 0.258383 0.733470 0.033162
10 0.381433 0.285013 0.321218 0.014069
8 0.221475 0.328225 0.211978 0.012059
10 0.552001 0.392389 0.732740 0.085095
10 0.340756 0.446801 0.240364 0.012273
10 0.551471 0.538851 0.733798 0.124369
10 0.295224 0.613309 0.151419 0.013091
10 0.550942 0.678766 0.732740 0.065458
10 0.329108 0.723768 0.221304 0.014728
8 0.391582 0.768438 0.551672 0.015546
10 0.517588 0.814258 0.810037 0.051548
10 0.204691 0.849850 0.042355 0.013091
10 0.517058 0.885852 0.804743 0.032729
5 0.517058 0.939854 0.150360 0.027819
5 0.879192 0.941082 0.099534 0.020455
