8 0.263593 0.101056 0.294648 0.014742
8 0.217488 0.154291 0.204558 0.013104
10 0.552941 0.265675 0.733439 0.180180
10 0.552411 0.413095 0.732379 0.106470
10 0.551881 0.496633 0.731320 0.050778
8 0.339905 0.562908 0.449391 0.014742
10 0.550821 0.600173 0.731320 0.033579
8 0.280021 0.636209 0.331743 0.015561
10 0.549762 0.679207 0.731320 0.052416
10 0.417276 0.746059 0.470588 0.014742
4 0.407737 0.773496 0.398516 0.013923
4 0.492528 0.793561 0.565978 0.013104
4 0.563540 0.821407 0.708002 0.031122
4 0.365342 0.849089 0.309486 0.013923
4 0.308638 0.869564 0.200318 0.012285
4 0.325596 0.887992 0.232114 0.013104
4 0.483519 0.907648 0.543720 0.014742
5 0.516905 0.940817 0.146264 0.027027
5 0.838050 0.939998 0.097509 0.017199
