10 0.533863 0.087195 0.758876 0.032760
10 0.205829 0.132240 0.098569 0.014742
10 0.549762 0.171552 0.724960 0.049140
10 0.550291 0.236662 0.723900 0.069615
8 0.157605 0.290195 0.148384 0.013104
8 0.299629 0.316403 0.288288 0.014742
10 0.534393 0.417737 0.755697 0.162981
10 0.534393 0.527740 0.753577 0.049140
10 0.534393 0.583842 0.753577 0.049959
10 0.533863 0.648242 0.754637 0.068796
10 0.543932 0.721981 0.734499 0.068796
10 0.544992 0.816023 0.734499 0.105651
10 0.534393 0.890962 0.755697 0.029484
5 0.497827 0.951541 0.086910 0.025389
