10 0.550008 0.234181 0.723900 0.327600
4 0.368768 0.416734 0.321145 0.018837
4 0.380427 0.438847 0.344462 0.015561
4 0.376187 0.458093 0.331744 0.014742
4 0.527750 0.476521 0.634870 0.013923
10 0.548418 0.504367 0.722840 0.030303
8 0.350220 0.558831 0.468468 0.014742
8 0.384666 0.586267 0.539481 0.015561
4 0.287687 0.613704 0.158982 0.014742
4 0.308354 0.632660 0.198198 0.013104
4 0.296696 0.651907 0.179120 0.015561
4 0.453029 0.671153 0.483307 0.014742
4 0.304115 0.691219 0.189719 0.012285
4 0.294576 0.709647 0.174881 0.016380
4 0.466807 0.728893 0.515103 0.015561
4 0.283447 0.747730 0.150503 0.015561
10 0.453029 0.766777 0.527822 0.015561
10 0.512912 0.809774 0.793853 0.050778
10 0.514502 0.882256 0.794913 0.067977
5 0.513442 0.942452 0.097509 0.024570
5 0.865323 0.948595 0.097509 0.018837
