10 0.513725 0.112742 0.799152 0.032760
10 0.548702 0.158197 0.724960 0.031941
10 0.549762 0.203651 0.724960 0.049140
10 0.515315 0.269581 0.795972 0.069615
10 0.514785 0.387586 0.794913 0.144144
10 0.512666 0.496834 0.797032 0.049959
4 0.548702 0.550479 0.727080 0.031122
4 0.463911 0.577915 0.555379 0.013923
4 0.446423 0.595933 0.518283 0.013923
10 0.514785 0.651216 0.794913 0.032760
4 0.548172 0.695851 0.726020 0.031941
4 0.549232 0.731478 0.726020 0.031122
4 0.452782 0.759324 0.533121 0.011466
4 0.549232 0.777342 0.726020 0.014742
10 0.514255 0.832028 0.795972 0.034398
10 0.514785 0.876663 0.794913 0.031941
5 0.513725 0.943002 0.095389 0.023751
5 0.881505 0.942593 0.097509 0.019656
