6 0.133586 0.122140 0.022135 0.012338
6 0.500476 0.122140 0.277796 0.013880
6 0.847444 0.123296 0.061978 0.014651
6 0.866259 0.079729 0.035416 0.029302
10 0.328928 0.163910 0.317640 0.049350
10 0.316754 0.229068 0.339775 0.060917
10 0.303473 0.286901 0.364123 0.034699
10 0.300153 0.347047 0.366337 0.060917
10 0.300153 0.412770 0.366337 0.047808
10 0.299599 0.465651 0.363017 0.033157
10 0.318968 0.518706 0.324280 0.047037
10 0.317307 0.592299 0.325387 0.074026
10 0.315647 0.665805 0.324280 0.049350
10 0.315094 0.715156 0.323173 0.035471
10 0.311774 0.760265 0.329814 0.034699
10 0.315094 0.816555 0.323173 0.060917
10 0.723488 0.159689 0.323173 0.036242
10 0.723488 0.196701 0.325387 0.023904
10 0.724041 0.240434 0.322067 0.047037
10 0.723488 0.285394 0.323173 0.022362
10 0.720721 0.317394 0.324280 0.023133
10 0.676450 0.341794 0.229099 0.012338
10 0.717400 0.373409 0.322067 0.037013
10 0.717954 0.411578 0.318746 0.022362
10 0.717400 0.443964 0.322067 0.022362
10 0.716294 0.481064 0.319853 0.036242
10 0.716847 0.519252 0.323173 0.021591
10 0.717954 0.559143 0.316533 0.035471
10 0.695819 0.608494 0.365230 0.050893
10 0.693052 0.661314 0.361910 0.036242
10 0.693605 0.734338 0.365230 0.094845
10 0.693605 0.818758 0.365230 0.060917
