10 0.534393 0.086880 0.755697 0.031941
8 0.185162 0.140115 0.197138 0.012285
10 0.535453 0.194988 0.755697 0.067977
8 0.268892 0.266959 0.362480 0.012285
8 0.172973 0.294041 0.172761 0.013923
10 0.534923 0.377170 0.754637 0.124488
8 0.169793 0.458478 0.166402 0.014742
10 0.370111 0.483867 0.416534 0.014742
4 0.539693 0.510894 0.723900 0.016380
4 0.292210 0.529321 0.222576 0.013923
10 0.529094 0.576823 0.768415 0.072891
8 0.266243 0.643162 0.357181 0.013923
10 0.534923 0.708273 0.756757 0.088452
8 0.274192 0.771377 0.370959 0.013923
10 0.533863 0.796766 0.752517 0.013923
10 0.187281 0.815603 0.061473 0.010647
10 0.534923 0.852868 0.756757 0.050778
5 0.498357 0.951558 0.085851 0.027027
