8 0.405087 0.077377 0.639110 0.014742
10 0.445363 0.104813 0.579756 0.013923
8 0.350503 0.129793 0.527822 0.013104
10 0.535453 0.184256 0.757817 0.069615
10 0.534923 0.248746 0.754637 0.049140
10 0.534923 0.313447 0.754637 0.067158
8 0.415156 0.379277 0.657128 0.015561
10 0.533333 0.460570 0.755697 0.125307
10 0.534393 0.551086 0.753577 0.031941
10 0.533863 0.596950 0.754637 0.051597
10 0.534923 0.642814 0.752517 0.030303
10 0.534393 0.679259 0.753577 0.032760
10 0.534393 0.716524 0.753577 0.030303
10 0.534923 0.818489 0.758877 0.163800
5 0.499417 0.951577 0.087970 0.025389
