6 0.112240 0.072132 0.016128 0.010307
6 0.470868 0.069298 0.337832 0.008761
6 0.785358 0.068782 0.124777 0.011853
10 0.546414 0.095066 0.609456 0.023191
10 0.458985 0.114649 0.324251 0.013915
4 0.536228 0.129852 0.590782 0.009276
4 0.365190 0.143251 0.241915 0.013399
10 0.166989 0.157424 0.084882 0.014945
10 0.227680 0.172369 0.201171 0.010823
10 0.175477 0.185511 0.095068 0.013399
10 0.772201 0.153816 0.137510 0.013915
10 0.742068 0.169792 0.197776 0.011853
10 0.791300 0.183449 0.095917 0.012369
10 0.518827 0.200456 0.126475 0.011338
10 0.517978 0.217463 0.163823 0.010307
10 0.517129 0.231635 0.299635 0.009792
10 0.482327 0.254826 0.729140 0.027314
10 0.242535 0.277760 0.249554 0.013399
10 0.478508 0.291932 0.580596 0.013915
11 0.475961 0.312804 0.589084 0.008246
10 0.476386 0.330842 0.330193 0.009276
8 0.478083 0.348621 0.128173 0.009792
10 0.478083 0.366401 0.219846 0.010307
10 0.478932 0.395935 0.742721 0.034014
10 0.136432 0.420414 0.057720 0.010823
8 0.473870 0.437092 0.736780 0.010823
4 0.393656 0.455130 0.572956 0.010823
8 0.349942 0.473167 0.492318 0.010823
4 0.495228 0.491064 0.708768 0.010823
10 0.299998 0.502659 0.226636 0.011338
4 0.381486 0.515801 0.486376 0.009792
4 0.493955 0.527139 0.711315 0.008761
10 0.384032 0.539765 0.394703 0.012369
4 0.493955 0.550587 0.711315 0.009276
10 0.432415 0.562698 0.491469 0.010823
4 0.467454 0.574414 0.656141 0.010307
4 0.494192 0.592451 0.709617 0.024737
10 0.214928 0.610746 0.056022 0.009792
4 0.494616 0.629287 0.708768 0.021645
10 0.505651 0.648097 0.637467 0.010823
4 0.495040 0.660466 0.709617 0.009792
10 0.402943 0.671031 0.430354 0.009276
4 0.495040 0.688038 0.707919 0.021645
10 0.298113 0.705302 0.222392 0.011853
4 0.495465 0.718444 0.708768 0.011338
10 0.251003 0.730297 0.128172 0.010307
10 0.477639 0.755034 0.742721 0.022676
