10 0.534332 0.086410 0.757116 0.031398
10 0.532978 0.159148 0.754408 0.086867
10 0.497086 0.231886 0.823483 0.031398
10 0.534332 0.276366 0.751699 0.030351
10 0.533655 0.322416 0.753053 0.047097
10 0.533655 0.367420 0.750344 0.030351
10 0.533655 0.404574 0.753053 0.031398
8 0.273608 0.452194 0.376527 0.015699
10 0.498440 0.488824 0.823483 0.030351
10 0.498440 0.543770 0.826192 0.050236
10 0.467289 0.587204 0.625739 0.013606
8 0.499117 0.623311 0.827546 0.033491
10 0.436137 0.660988 0.560727 0.014652
10 0.534332 0.714365 0.757116 0.066982
10 0.461194 0.759891 0.610840 0.013606
10 0.405663 0.778730 0.499778 0.013606
10 0.532978 0.824780 0.754408 0.070122
10 0.534332 0.880249 0.754408 0.030351
5 0.499117 0.951941 0.085328 0.025118
5 0.879707 0.938335 0.098872 0.020932
