10 0.548824 0.095717 0.728504 0.051548
10 0.337579 0.132537 0.236129 0.013910
4 0.406935 0.153402 0.453197 0.013092
10 0.514411 0.207813 0.799449 0.051548
10 0.284106 0.245042 0.203303 0.011455
10 0.515470 0.308045 0.797331 0.088368
10 0.230633 0.362457 0.090004 0.012273
10 0.513881 0.425782 0.794154 0.086731
10 0.513352 0.508042 0.797331 0.051548
8 0.339168 0.552869 0.451080 0.016364
10 0.550413 0.606872 0.729563 0.068730
10 0.281459 0.651874 0.193774 0.016364
8 0.337579 0.678466 0.443667 0.015546
10 0.549354 0.732670 0.727445 0.069549
10 0.329108 0.778490 0.289072 0.013910
10 0.485821 0.796900 0.600381 0.014728
8 0.401112 0.822674 0.572850 0.013910
10 0.547236 0.849266 0.725327 0.013091
10 0.282518 0.867267 0.189538 0.016364
10 0.548824 0.903268 0.728504 0.032729
5 0.514940 0.942952 0.097416 0.023728
