9 0.518885 0.161455 0.803167 0.187340
9 0.519562 0.306408 0.801812 0.064889
10 0.549359 0.411590 0.725965 0.086867
8 0.302179 0.493398 0.372463 0.013606
10 0.246648 0.520380 0.120543 0.013606
10 0.549359 0.603060 0.725965 0.143383
10 0.249357 0.687732 0.125960 0.016745
10 0.548005 0.714420 0.725965 0.032444
4 0.381412 0.752097 0.344021 0.017792
4 0.332653 0.771459 0.249212 0.014652
4 0.405792 0.789775 0.390071 0.015699
4 0.264256 0.809660 0.109707 0.015699
4 0.490442 0.828499 0.564790 0.015699
5 0.514145 0.942577 0.097518 0.024072
5 0.827691 0.918505 0.098872 0.017792
