9 0.499795 0.155958 0.655536 0.175827
8 0.241102 0.295154 0.308806 0.014652
10 0.535686 0.366616 0.754408 0.104659
10 0.516047 0.450660 0.720547 0.013606
10 0.533655 0.495876 0.755762 0.031398
10 0.535009 0.581111 0.755762 0.069075
10 0.349455 0.628731 0.384653 0.015699
10 0.547876 0.663573 0.730028 0.031398
10 0.546522 0.719565 0.730028 0.068028
10 0.436814 0.767185 0.513322 0.014652
10 0.546522 0.795443 0.732737 0.031398
10 0.546522 0.842016 0.732737 0.051283
10 0.546522 0.898009 0.730028 0.050236
5 0.499795 0.952432 0.086682 0.025118
