10 0.857807 0.090648 0.029652 0.031532
6 0.474449 0.139424 0.754008 0.012810
10 0.276769 0.166029 0.353000 0.020693
10 0.281711 0.193127 0.365708 0.023649
4 0.219583 0.215791 0.168028 0.013795
4 0.232997 0.230571 0.194856 0.011825
4 0.189931 0.246830 0.108724 0.010839
4 0.200521 0.263089 0.132728 0.013795
4 0.249235 0.278855 0.227332 0.009854
4 0.295831 0.300041 0.323348 0.020693
10 0.275357 0.345861 0.361472 0.061093
10 0.276063 0.408432 0.362884 0.052225
10 0.275357 0.468336 0.364296 0.061093
10 0.272533 0.536989 0.364296 0.065035
10 0.272533 0.596111 0.364296 0.049269
10 0.271121 0.674942 0.364296 0.102479
10 0.271827 0.746874 0.362884 0.035474
10 0.273239 0.797929 0.357236 0.060108
10 0.271827 0.849661 0.362884 0.037444
10 0.680601 0.177443 0.361472 0.049269
10 0.679189 0.233117 0.364296 0.048284
10 0.677071 0.287313 0.362884 0.048284
10 0.674953 0.335104 0.361472 0.035474
10 0.673541 0.371070 0.361472 0.024634
4 0.559875 0.394719 0.094604 0.012810
4 0.611413 0.411963 0.200504 0.013795
4 0.597293 0.428222 0.177912 0.012810
4 0.590233 0.444481 0.160968 0.013795
4 0.617061 0.459754 0.211800 0.012810
4 0.676365 0.481432 0.333232 0.024634
10 0.671423 0.512472 0.360060 0.025620
4 0.558463 0.535685 0.100252 0.009854
4 0.572583 0.553915 0.134140 0.012810
4 0.677777 0.581998 0.338880 0.033503
4 0.677777 0.616486 0.341704 0.023649
4 0.679189 0.647526 0.338880 0.024634
4 0.679189 0.677125 0.338880 0.022664
4 0.678483 0.705208 0.343116 0.021678
4 0.675659 0.737233 0.340292 0.032518
4 0.605059 0.766302 0.193444 0.013795
10 0.677071 0.792414 0.340292 0.032517
10 0.685543 0.838727 0.320524 0.044342
