10 0.550942 0.079472 0.722151 0.012273
10 0.383640 0.096245 0.383312 0.013092
8 0.269282 0.133474 0.366370 0.013910
10 0.534529 0.169067 0.754976 0.031092
10 0.339697 0.197295 0.369546 0.012273
4 0.330167 0.224296 0.303896 0.012273
4 0.352403 0.242706 0.348369 0.014728
10 0.512823 0.277922 0.736975 0.013091
10 0.532941 0.301650 0.758152 0.011455
10 0.295224 0.320878 0.278483 0.010637
10 0.535059 0.337652 0.758153 0.013092
10 0.203102 0.358107 0.094240 0.013092
4 0.529235 0.381427 0.763447 0.013910
10 0.545648 0.419065 0.732740 0.030274
10 0.544059 0.446884 0.731681 0.009000
10 0.400053 0.466521 0.373782 0.012273
10 0.545648 0.485750 0.732740 0.013092
10 0.278282 0.502523 0.130241 0.013910
4 0.323814 0.522160 0.225540 0.010637
4 0.294165 0.540570 0.162007 0.011455
4 0.404818 0.560208 0.383312 0.011455
8 0.212632 0.596769 0.257306 0.015546
10 0.352403 0.623361 0.390724 0.014728
10 0.535588 0.687183 0.757094 0.106368
10 0.359816 0.752172 0.405548 0.013910
9 0.534000 0.844037 0.753917 0.148098
5 0.498528 0.951223 0.085769 0.025365
