10 0.551881 0.155210 0.735559 0.123669
8 0.230207 0.237384 0.234234 0.015561
10 0.503127 0.262773 0.635930 0.015561
10 0.551351 0.298400 0.734499 0.031122
10 0.551351 0.372110 0.732379 0.106470
10 0.551881 0.447048 0.731320 0.033579
8 0.305458 0.496788 0.382618 0.013923
10 0.551351 0.541424 0.734499 0.050778
10 0.563540 0.595478 0.710122 0.029484
10 0.564600 0.632333 0.710122 0.031122
10 0.552941 0.689535 0.733439 0.069615
10 0.431585 0.744408 0.450450 0.013923
10 0.563010 0.772254 0.711182 0.030303
10 0.564284 0.809295 0.709062 0.033579
10 0.551565 0.870310 0.732379 0.032760
5 0.518179 0.914536 0.271330 0.031122
