4 0.310288 0.193322 0.363181 0.072414
4 0.309737 0.253796 0.362077 0.036207
4 0.305873 0.305410 0.358765 0.060859
4 0.305321 0.359336 0.362077 0.034666
4 0.304217 0.406328 0.359869 0.048533
4 0.303665 0.455631 0.363181 0.034666
4 0.304769 0.509942 0.358765 0.058548
10 0.299250 0.610091 0.363181 0.124799
10 0.298146 0.714861 0.367597 0.070873
10 0.299801 0.778416 0.359869 0.043911
10 0.298698 0.822712 0.364285 0.029274
10 0.296490 0.857378 0.368701 0.020029
10 0.707690 0.183860 0.360973 0.047763
10 0.707690 0.229311 0.360973 0.035437
10 0.706034 0.263207 0.353246 0.020029
10 0.704379 0.327148 0.363181 0.093984
10 0.703275 0.418821 0.363181 0.075496
10 0.703827 0.478975 0.362077 0.034666
10 0.701067 0.537138 0.360973 0.049303
10 0.529411 0.504136 0.017662 0.007704
10 0.699411 0.603898 0.364285 0.073185
10 0.697755 0.670920 0.360973 0.048533
10 0.698859 0.729063 0.360973 0.060859
10 0.698307 0.784914 0.366493 0.044681
0 0.698307 0.841921 0.364285 0.061629
6 0.871066 0.081380 0.027597 0.021570
6 0.506782 0.141083 0.751752 0.011555
