10 0.552617 0.117940 0.734091 0.051283
8 0.380606 0.155617 0.390071 0.015699
10 0.551262 0.192248 0.734091 0.051283
4 0.346746 0.238821 0.276300 0.014652
4 0.303405 0.256613 0.189618 0.012559
4 0.351486 0.277545 0.283072 0.014652
4 0.307468 0.296384 0.197744 0.012559
4 0.375189 0.315222 0.330477 0.014652
8 0.398891 0.333929 0.423931 0.013606
10 0.551939 0.389398 0.730028 0.086867
8 0.516725 0.480451 0.800458 0.030351
8 0.239070 0.516559 0.104290 0.016745
10 0.550585 0.561562 0.732737 0.066982
8 0.382638 0.607612 0.391425 0.014652
10 0.549908 0.635347 0.731383 0.032444
8 0.398891 0.664128 0.426640 0.014652
10 0.551939 0.727970 0.732737 0.104659
8 0.516725 0.827397 0.803167 0.031398
8 0.237039 0.864027 0.102935 0.014652
5 0.518079 0.914264 0.269528 0.029305
