8 0.295072 0.078494 0.416534 0.013923
10 0.534075 0.123130 0.750397 0.049140
10 0.534075 0.224686 0.754637 0.140868
10 0.534075 0.317233 0.754637 0.031122
10 0.534605 0.355726 0.753577 0.031122
8 0.260095 0.410190 0.348702 0.015561
10 0.534075 0.454825 0.756757 0.050778
8 0.184844 0.515431 0.196078 0.014742
8 0.236778 0.541230 0.302067 0.013923
10 0.534075 0.577266 0.754637 0.031941
4 0.466243 0.612892 0.618972 0.014742
4 0.302491 0.631320 0.291468 0.013923
4 0.359724 0.649338 0.403816 0.012285
4 0.533015 0.676774 0.752517 0.031122
4 0.523476 0.704620 0.733439 0.013104
4 0.220880 0.723867 0.126126 0.013923
4 0.533545 0.750075 0.751457 0.030303
4 0.357075 0.778331 0.398516 0.014742
4 0.534075 0.815595 0.754637 0.048321
4 0.483201 0.852860 0.648649 0.013104
4 0.473662 0.872106 0.633810 0.010647
4 0.234658 0.890534 0.153683 0.014742
5 0.499629 0.951959 0.085851 0.024570
5 0.845151 0.940083 0.098569 0.018837
