6 0.472469 0.067371 0.752858 0.015429
10 0.497882 0.089134 0.699915 0.025073
10 0.204045 0.113242 0.112240 0.012858
10 0.668890 0.114849 0.146124 0.012215
10 0.249576 0.133171 0.300720 0.012858
10 0.693773 0.135421 0.303896 0.012215
10 0.470351 0.154387 0.202245 0.014144
10 0.470880 0.174316 0.167302 0.011572
10 0.469822 0.193603 0.302837 0.015429
10 0.470351 0.217711 0.752858 0.023787
10 0.244282 0.236997 0.300720 0.010929
10 0.412642 0.257810 0.637441 0.013501
10 0.804425 0.276132 0.084710 0.012858
11 0.469822 0.292847 0.097416 0.012858
10 0.469822 0.311491 0.283778 0.014143
3 0.469822 0.330194 0.266836 0.014143
3 0.470351 0.347552 0.259424 0.012858
10 0.471410 0.365231 0.748623 0.009643
10 0.189750 0.377767 0.191656 0.010286
3 0.184456 0.394483 0.178949 0.015429
3 0.183926 0.412162 0.175773 0.014786
8 0.469822 0.444694 0.749682 0.039216
3 0.267577 0.456588 0.192715 0.011572
9 0.471939 0.616342 0.751799 0.300871
