8 0.283895 0.118175 0.335894 0.014652
10 0.542587 0.154806 0.734091 0.012559
10 0.546651 0.182541 0.739509 0.030351
10 0.214142 0.211845 0.031151 0.011512
10 0.547328 0.238533 0.740864 0.031398
10 0.546651 0.330929 0.742218 0.104659
8 0.254097 0.414941 0.276300 0.014652
10 0.529720 0.451572 0.705649 0.014652
10 0.546651 0.478783 0.742218 0.031398
10 0.548005 0.515937 0.739509 0.032444
10 0.546651 0.617979 0.742218 0.122451
8 0.218883 0.710929 0.205871 0.016745
8 0.540556 0.754886 0.732737 0.014652
10 0.547328 0.820298 0.743572 0.068028
10 0.547328 0.893036 0.740864 0.031398
5 0.518208 0.939609 0.254630 0.028258
