6 0.501007 0.178510 0.551139 0.010647
10 0.463911 0.244849 0.470588 0.074529
10 0.743720 0.255906 0.055114 0.085176
10 0.464441 0.327338 0.469528 0.073710
10 0.465501 0.418188 0.467409 0.087633
10 0.737891 0.401808 0.039216 0.049959
10 0.464441 0.494355 0.467409 0.041769
10 0.478219 0.538991 0.441971 0.026208
10 0.477689 0.577484 0.447271 0.026208
10 0.467091 0.622939 0.470588 0.041769
10 0.743190 0.647918 0.049815 0.085176
10 0.464441 0.675355 0.469528 0.043407
4 0.480869 0.721628 0.443031 0.026208
4 0.479809 0.767492 0.445151 0.040950
4 0.479809 0.810899 0.447271 0.026208
