10 0.536513 0.094931 0.753577 0.049959
10 0.242395 0.132605 0.169581 0.015561
10 0.418866 0.151442 0.524642 0.015561
10 0.535983 0.187478 0.758877 0.030303
10 0.535983 0.223923 0.758877 0.034398
10 0.534923 0.262416 0.758877 0.031122
0 0.533333 0.308690 0.759936 0.051597
8 0.188341 0.363563 0.207737 0.015561
10 0.533863 0.397530 0.754637 0.031122
8 0.249285 0.451994 0.327504 0.015561
10 0.534393 0.486802 0.755697 0.032760
10 0.402438 0.522838 0.493906 0.013104
10 0.534923 0.550684 0.756757 0.032760
10 0.533863 0.597215 0.754637 0.048321
10 0.533863 0.643898 0.754637 0.033579
8 0.174033 0.689550 0.181240 0.015561
10 0.532803 0.723539 0.756757 0.031122
8 0.283731 0.760277 0.398516 0.016380
10 0.532273 0.785666 0.751457 0.016380
10 0.232326 0.813102 0.293588 0.015561
8 0.232326 0.813102 0.293588 0.015561
10 0.250344 0.838901 0.185480 0.014742
10 0.434764 0.864874 0.558559 0.014742
10 0.533863 0.892311 0.754637 0.035217
10 0.358983 0.918928 0.409115 0.018018
5 0.499947 0.952508 0.086910 0.026208
