10 0.549908 0.087546 0.723256 0.030351
10 0.514016 0.129933 0.795040 0.029305
10 0.513339 0.258664 0.793686 0.198852
9 0.544490 0.407280 0.712421 0.077448
8 0.256678 0.474785 0.285781 0.015699
10 0.514016 0.566439 0.795040 0.142336
10 0.513339 0.666647 0.790977 0.030351
4 0.474061 0.701708 0.582397 0.014652
4 0.304082 0.721070 0.239731 0.013606
10 0.549231 0.804201 0.724611 0.142336
10 0.514693 0.904301 0.793686 0.030351
5 0.513339 0.941979 0.100227 0.024072
5 0.881739 0.953491 0.102935 0.017792
