10 0.882509 0.103651 0.024157 0.024687
6 0.487208 0.138366 0.751072 0.013886
10 0.296695 0.170382 0.350280 0.037802
10 0.298891 0.213198 0.345888 0.035487
10 0.295597 0.266815 0.345888 0.050145
10 0.292852 0.329304 0.349182 0.057860
10 0.298891 0.386969 0.334908 0.036259
10 0.296695 0.432871 0.339300 0.037030
10 0.294499 0.471916 0.339300 0.023144
10 0.292303 0.538574 0.341496 0.086404
10 0.292852 0.615179 0.340398 0.047831
10 0.292303 0.721284 0.341496 0.142721
10 0.285166 0.831837 0.357967 0.058631
10 0.688153 0.849626 0.340398 0.026230
10 0.687055 0.799809 0.342594 0.060174
10 0.689251 0.734131 0.340398 0.060174
10 0.688153 0.678974 0.340398 0.037802
10 0.689251 0.633869 0.338202 0.037030
10 0.681564 0.596745 0.360163 0.023144
10 0.679368 0.558023 0.360163 0.037030
10 0.690349 0.519182 0.340398 0.022372
10 0.691996 0.494206 0.334908 0.012343
10 0.633799 0.474577 0.225102 0.010029
10 0.693094 0.435256 0.341496 0.051688
10 0.694192 0.392054 0.339300 0.023915
10 0.691996 0.359266 0.341496 0.023144
10 0.642034 0.333836 0.232788 0.009258
10 0.684310 0.303749 0.361261 0.033944
10 0.685408 0.265292 0.361261 0.023144
10 0.688153 0.219923 0.362359 0.046288
10 0.688153 0.170657 0.360163 0.033944
