8 0.212924 0.077828 0.193774 0.015546
8 0.262161 0.104011 0.288013 0.017183
10 0.536939 0.158013 0.752858 0.069549
10 0.338930 0.205061 0.348369 0.014728
10 0.537468 0.251290 0.749682 0.071185
8 0.247337 0.322251 0.260483 0.014728
10 0.537468 0.394560 0.749682 0.105550
10 0.261632 0.459609 0.200127 0.014728
8 0.513114 0.505020 0.796272 0.015546
8 0.262691 0.522612 0.198009 0.014728
10 0.537998 0.558613 0.746505 0.032729
10 0.537468 0.622782 0.749682 0.050730
8 0.239925 0.685306 0.245658 0.014728
10 0.536939 0.720410 0.748623 0.031092
9 0.522644 0.759276 0.747564 0.036820
8 0.300281 0.808193 0.368488 0.016364
10 0.507290 0.834376 0.689326 0.014728
8 0.213453 0.873241 0.190597 0.013910
10 0.539056 0.901879 0.748623 0.012273
10 0.212394 0.920289 0.097416 0.013091
5 0.513644 0.943199 0.096357 0.024547
