8 0.210281 0.101426 0.049815 0.013923
10 0.551563 0.127225 0.732379 0.031122
10 0.500159 0.156299 0.629571 0.015561
10 0.552093 0.182917 0.731320 0.029484
8 0.221410 0.211173 0.069952 0.015561
10 0.476312 0.229600 0.579756 0.013104
10 0.551563 0.256627 0.732379 0.031122
10 0.552093 0.294711 0.731320 0.031941
9 0.560042 0.358712 0.751457 0.075348
10 0.551033 0.466018 0.731320 0.084357
8 0.211341 0.530111 0.191839 0.015561
10 0.552623 0.675081 0.732379 0.253071
8 0.268045 0.821422 0.309486 0.014742
10 0.552093 0.866467 0.735559 0.050778
5 0.517117 0.914788 0.269210 0.029484
