6 0.462267 0.145600 0.750812 0.012355
10 0.267958 0.187685 0.359993 0.047104
10 0.268509 0.278805 0.363296 0.124324
10 0.265757 0.364197 0.359993 0.034749
10 0.266307 0.405895 0.358892 0.036293
10 0.262454 0.455919 0.359993 0.050193
10 0.263004 0.502251 0.358893 0.023938
10 0.261903 0.553989 0.361094 0.061004
10 0.260252 0.624531 0.362195 0.062548
10 0.260252 0.688733 0.359993 0.049421
10 0.259702 0.756660 0.365498 0.071042
10 0.259151 0.812259 0.359993 0.023166
10 0.666483 0.180477 0.362195 0.037066
10 0.879507 0.101327 0.017614 0.022394
10 0.664281 0.233309 0.364397 0.061004
10 0.684098 0.290838 0.322563 0.047876
10 0.681896 0.342576 0.320361 0.049421
10 0.766114 0.377325 0.145318 0.012355
10 0.660979 0.392289 0.331370 0.013127
10 0.660428 0.409664 0.066054 0.012355
10 0.659327 0.427038 0.136511 0.016216
10 0.674740 0.444413 0.323664 0.012355
10 0.657126 0.498742 0.358892 0.087259
10 0.736941 0.567760 0.208070 0.045560
10 0.675841 0.609347 0.314857 0.024710
10 0.675290 0.631741 0.113392 0.013900
10 0.674740 0.648729 0.156327 0.012355
10 0.655474 0.718613 0.366599 0.125869
10 0.694556 0.796219 0.284031 0.023166
10 0.754004 0.817455 0.162933 0.008494
10 0.449606 0.866075 0.525128 0.017761
