10 0.534529 0.087343 0.757094 0.031092
8 0.184572 0.141346 0.196950 0.011455
10 0.533471 0.177348 0.757094 0.034365
10 0.534529 0.213349 0.759211 0.013092
10 0.289401 0.232168 0.199068 0.013092
10 0.472585 0.250987 0.637441 0.014728
10 0.536118 0.270625 0.758152 0.016364
10 0.479468 0.289035 0.579203 0.013910
10 0.535588 0.305009 0.757094 0.013910
10 0.304754 0.323828 0.229775 0.013910
10 0.522352 0.342238 0.732740 0.013092
10 0.559942 0.359830 0.710503 0.017183
10 0.514411 0.379467 0.502964 0.012273
10 0.559942 0.398445 0.708386 0.013092
10 0.499057 0.416855 0.474375 0.013910
10 0.558884 0.452448 0.708386 0.052366
10 0.557825 0.489677 0.708385 0.015546
10 0.332814 0.508496 0.139771 0.013910
10 0.559413 0.528542 0.707327 0.013091
10 0.332285 0.546543 0.142948 0.016364
10 0.422818 0.564135 0.436255 0.013910
10 0.559413 0.591954 0.707327 0.033547
10 0.423348 0.621001 0.320838 0.011455
10 0.456702 0.637774 0.504023 0.013910
10 0.361404 0.676132 0.410842 0.017183
10 0.534529 0.721953 0.757094 0.048275
10 0.409053 0.757954 0.436255 0.013910
10 0.534529 0.776364 0.757094 0.013091
10 0.459879 0.794774 0.537907 0.013910
10 0.534529 0.813184 0.754976 0.013091
10 0.213162 0.831594 0.046590 0.010637
4 0.394758 0.852459 0.433079 0.011455
4 0.303695 0.870869 0.250953 0.015546
4 0.544059 0.889407 0.738034 0.013910
10 0.242810 0.907408 0.052944 0.012273
5 0.499057 0.951182 0.084710 0.024547
5 0.853250 0.936454 0.098475 0.018001
