10 0.534678 0.086101 0.753756 0.031484
10 0.238439 0.113649 0.095068 0.014430
10 0.534254 0.170385 0.754605 0.084612
10 0.254142 0.224498 0.124777 0.014430
10 0.534254 0.253441 0.752907 0.030828
10 0.510487 0.281645 0.637467 0.013774
10 0.533830 0.309193 0.755454 0.028204
10 0.283426 0.336413 0.185044 0.011806
10 0.533830 0.364471 0.755454 0.031484
10 0.297856 0.392021 0.210508 0.012462
10 0.535103 0.411178 0.756303 0.013118
10 0.293612 0.430199 0.210508 0.011806
10 0.533830 0.456595 0.758849 0.033451
10 0.331809 0.483815 0.281810 0.013118
8 0.198544 0.522468 0.220694 0.013118
10 0.534678 0.594290 0.757151 0.104290
10 0.534254 0.657914 0.756303 0.015086
10 0.319502 0.676935 0.258891 0.013774
8 0.232921 0.714298 0.294542 0.013118
10 0.362367 0.740862 0.412529 0.012462
10 0.535103 0.758572 0.756303 0.013774
10 0.331809 0.777921 0.349716 0.011806
10 0.535103 0.822851 0.756303 0.068871
10 0.443430 0.870732 0.574654 0.012462
10 0.534678 0.896641 0.755454 0.030172
5 0.499452 0.951081 0.084034 0.023613
