10 0.517350 0.109206 0.800507 0.032729
10 0.517350 0.173846 0.802625 0.050730
8 0.231983 0.229894 0.229775 0.015546
8 0.230925 0.267941 0.227658 0.014728
10 0.546469 0.303533 0.742269 0.012273
10 0.236748 0.322353 0.122829 0.013910
8 0.425757 0.359991 0.615205 0.015546
10 0.545939 0.432669 0.741211 0.085913
10 0.548057 0.545174 0.743328 0.088368
10 0.231454 0.600404 0.050826 0.012273
10 0.545939 0.664684 0.741211 0.067912
10 0.545410 0.738163 0.742269 0.032729
8 0.236219 0.786847 0.236129 0.015546
10 0.546998 0.803621 0.745446 0.014728
10 0.269044 0.822849 0.185303 0.012273
10 0.220336 0.858850 0.206480 0.013910
5 0.516820 0.941081 0.250953 0.027820
