4 0.534292 0.086090 0.756035 0.031911
4 0.534292 0.141729 0.753917 0.069549
8 0.276986 0.208004 0.408725 0.013910
4 0.533233 0.234596 0.756035 0.029456
4 0.273280 0.261598 0.231893 0.011455
4 0.309281 0.279599 0.303896 0.013092
4 0.299751 0.297190 0.282719 0.013910
4 0.534292 0.325524 0.753917 0.031911
10 0.422051 0.353753 0.459551 0.014728
4 0.333635 0.371753 0.354722 0.014728
8 0.460170 0.409358 0.749682 0.014728
4 0.296045 0.436359 0.279542 0.011455
4 0.533762 0.453951 0.754976 0.013910
10 0.283868 0.473179 0.185303 0.013092
4 0.534292 0.492407 0.756035 0.012273
10 0.297634 0.509590 0.214951 0.012273
4 0.458053 0.528110 0.605675 0.013910
10 0.543292 0.566566 0.735916 0.051548
10 0.545410 0.650025 0.731681 0.105550
8 0.230395 0.732861 0.290131 0.015546
10 0.322517 0.759044 0.330368 0.015546
4 0.543821 0.796682 0.734857 0.035183
4 0.544351 0.833911 0.731681 0.029456
10 0.528468 0.860503 0.742269 0.013910
5 0.499349 0.951734 0.086828 0.024547
