4 0.545140 0.086766 0.732535 0.034107
4 0.298557 0.116610 0.237671 0.015086
10 0.324446 0.135631 0.333588 0.011150
10 0.534955 0.172362 0.756303 0.047881
10 0.237442 0.209093 0.161277 0.012462
10 0.534530 0.227787 0.757151 0.011806
10 0.336754 0.245824 0.361599 0.011150
10 0.533681 0.273372 0.757151 0.032140
10 0.422910 0.301576 0.528818 0.011150
8 0.208582 0.354006 0.246159 0.012462
10 0.534106 0.388973 0.754605 0.030172
10 0.290918 0.417505 0.269926 0.009839
10 0.534955 0.435214 0.758000 0.012462
10 0.199669 0.453252 0.087429 0.011806
10 0.532833 0.472813 0.750361 0.013118
10 0.274366 0.490195 0.235124 0.012462
10 0.385986 0.506920 0.458365 0.013118
10 0.534530 0.555130 0.753756 0.067559
10 0.433944 0.602355 0.554282 0.012462
10 0.534530 0.648057 0.755454 0.067559
10 0.323597 0.694074 0.333588 0.010495
10 0.534955 0.740649 0.754605 0.068215
10 0.481054 0.787546 0.648502 0.012462
10 0.534955 0.805256 0.754605 0.012462
10 0.190756 0.823621 0.066208 0.009839
10 0.372405 0.849858 0.388762 0.012462
10 0.544716 0.869535 0.729989 0.012462
10 0.312138 0.888228 0.193532 0.011806
5 0.498455 0.943325 0.085731 0.011806
5 0.499728 0.958083 0.056022 0.011150
