8 0.326868 0.104528 0.427133 0.018837
10 0.538315 0.148345 0.752517 0.052416
8 0.408479 0.219189 0.579756 0.015561
10 0.536725 0.271605 0.751457 0.071253
8 0.375623 0.344496 0.524642 0.015561
10 0.537255 0.380532 0.750397 0.033579
8 0.514997 0.442938 0.797032 0.031941
10 0.536195 0.533438 0.750397 0.126126
8 0.467833 0.634437 0.700583 0.015561
10 0.536725 0.669064 0.751457 0.032760
9 0.513937 0.735772 0.612613 0.057330
10 0.537255 0.792041 0.746158 0.048321
10 0.537785 0.877305 0.749338 0.068796
5 0.513937 0.942825 0.097509 0.022932
