10 0.551035 0.110040 0.733439 0.031122
10 0.562164 0.154267 0.711182 0.034398
10 0.562694 0.192760 0.712242 0.029484
8 0.354427 0.239443 0.480127 0.014742
8 0.238900 0.265241 0.104928 0.017199
10 0.552625 0.292678 0.730260 0.031122
8 0.381454 0.320524 0.387917 0.014742
10 0.551565 0.346732 0.730260 0.031122
8 0.398942 0.374578 0.425013 0.014742
10 0.499631 0.394234 0.626391 0.014742
8 0.487442 0.439279 0.746158 0.014742
8 0.238900 0.465896 0.109168 0.013923
10 0.553685 0.492923 0.736619 0.033579
9 0.517119 0.707046 0.797032 0.375102
5 0.518179 0.915072 0.271330 0.027846
