10 0.551939 0.118850 0.730028 0.048143
8 0.405663 0.163330 0.581043 0.013606
10 0.515370 0.216183 0.800458 0.069075
10 0.518079 0.308283 0.803167 0.087914
8 0.407694 0.400907 0.582397 0.013606
10 0.552617 0.445387 0.731383 0.050236
8 0.415144 0.503996 0.597296 0.012559
10 0.517402 0.548476 0.801812 0.049190
10 0.516725 0.631157 0.800458 0.084774
10 0.516725 0.731106 0.800458 0.029305
10 0.451036 0.768260 0.669080 0.013606
10 0.516725 0.802798 0.800458 0.030351
10 0.516725 0.877106 0.803167 0.032444
5 0.517402 0.939901 0.111062 0.026165
