10 0.535983 0.096791 0.750397 0.049959
8 0.513725 0.175824 0.797032 0.034398
10 0.537573 0.239706 0.747218 0.068796
8 0.330366 0.313826 0.428193 0.015561
10 0.537573 0.348633 0.747218 0.031122
4 0.475570 0.376479 0.606253 0.014742
4 0.325066 0.395316 0.303127 0.016380
10 0.537043 0.469250 0.750397 0.088452
10 0.538633 0.552565 0.751457 0.068796
10 0.539163 0.635694 0.748278 0.053235
10 0.538103 0.700395 0.750397 0.031941
8 0.449073 0.735398 0.663487 0.012285
10 0.540223 0.772254 0.754637 0.030303
8 0.318707 0.832860 0.404875 0.015561
10 0.537573 0.867667 0.749338 0.029484
5 0.513725 0.942606 0.097509 0.025389
