4 0.437414 0.099022 0.462109 0.014742
4 0.334605 0.119497 0.254372 0.011466
4 0.330896 0.138743 0.242713 0.015561
4 0.375411 0.159219 0.331744 0.013923
4 0.430525 0.178056 0.444091 0.012285
4 0.372231 0.197302 0.325384 0.013104
4 0.387069 0.216958 0.355061 0.013104
4 0.403498 0.236614 0.392157 0.013104
4 0.352093 0.255451 0.285109 0.011466
8 0.229677 0.291961 0.089030 0.013923
8 0.295390 0.418087 0.224695 0.013923
4 0.337255 0.318169 0.257552 0.013923
4 0.311288 0.336596 0.209857 0.018018
4 0.316587 0.357481 0.214096 0.012285
4 0.306518 0.376318 0.196078 0.013923
8 0.324006 0.442793 0.279809 0.015561
4 0.292740 0.462039 0.168521 0.014742
4 0.289560 0.482514 0.162162 0.014742
4 0.290620 0.502580 0.162162 0.013923
4 0.291680 0.520598 0.164282 0.013923
4 0.280551 0.540663 0.146264 0.014742
4 0.340435 0.560729 0.261791 0.012285
4 0.289560 0.579566 0.162162 0.013923
4 0.291680 0.597993 0.168521 0.011466
4 0.300689 0.617649 0.184420 0.013104
4 0.290090 0.636579 0.158983 0.013923
4 0.304399 0.656235 0.187599 0.012285
4 0.293800 0.674663 0.174881 0.014742
4 0.274722 0.695138 0.130366 0.014742
4 0.296449 0.715613 0.180180 0.013104
4 0.301749 0.734040 0.188659 0.012285
4 0.268362 0.752877 0.117647 0.012285
8 0.230207 0.790141 0.094330 0.014742
4 0.346794 0.809388 0.274510 0.013923
5 0.517435 0.915039 0.270270 0.028665
