6 0.483542 0.073185 0.742218 0.012335
10 0.383992 0.090042 0.505196 0.013157
4 0.260741 0.106078 0.185554 0.012335
4 0.220786 0.119235 0.108353 0.010690
4 0.260064 0.130747 0.184200 0.009046
4 0.267513 0.142260 0.199099 0.009046
4 0.223494 0.153772 0.113771 0.010690
4 0.233652 0.165285 0.131378 0.009046
4 0.227558 0.176386 0.119188 0.011513
4 0.228912 0.189132 0.121897 0.009046
4 0.220108 0.200645 0.109707 0.010690
4 0.221463 0.212979 0.109707 0.010690
4 0.237716 0.223670 0.139504 0.010690
4 0.311531 0.235593 0.295262 0.011513
4 0.241779 0.249162 0.147631 0.010690
10 0.480156 0.271364 0.738155 0.023847
10 0.478801 0.301467 0.735446 0.024670
10 0.478801 0.331070 0.735446 0.024670
10 0.506567 0.361993 0.682624 0.020558
10 0.385347 0.387896 0.440184 0.013157
10 0.480156 0.412783 0.735446 0.023025
10 0.480156 0.444854 0.735446 0.024670
10 0.451036 0.470346 0.571562 0.011513
10 0.505889 0.495016 0.681269 0.021380
10 0.461194 0.521619 0.589169 0.011513
10 0.478124 0.546289 0.734091 0.024670
10 0.478801 0.578555 0.732737 0.023847
10 0.478801 0.615148 0.738155 0.031248
10 0.478801 0.657754 0.735446 0.036182
10 0.477447 0.701337 0.735446 0.036182
10 0.478124 0.744920 0.734091 0.034538
