6 0.848898 0.077601 0.122829 0.011455
11 0.318932 0.109511 0.405548 0.014728
8 0.389347 0.146331 0.548496 0.016364
8 0.350169 0.189288 0.468022 0.013910
10 0.530707 0.242881 0.761329 0.068730
8 0.232105 0.321660 0.231893 0.015546
10 0.530177 0.384662 0.762388 0.089186
8 0.371876 0.480792 0.511435 0.013910
10 0.530707 0.562614 0.761329 0.123551
8 0.376641 0.678254 0.520965 0.013092
10 0.537589 0.704028 0.749682 0.013910
10 0.310461 0.722847 0.295425 0.013910
10 0.536001 0.788305 0.750740 0.067912
10 0.536531 0.862886 0.749682 0.031911
5 0.514294 0.942253 0.099534 0.023728
5 0.866899 0.937753 0.097416 0.019637
