10 0.890608 0.097092 0.022135 0.022362
6 0.469487 0.133334 0.749275 0.017735
10 0.274144 0.177185 0.363017 0.058604
10 0.670363 0.173330 0.360803 0.047808
10 0.669256 0.234246 0.365230 0.057061
10 0.271930 0.238488 0.363017 0.048579
10 0.270824 0.288223 0.365230 0.035471
10 0.667043 0.288994 0.363017 0.035471
10 0.664829 0.338394 0.365230 0.048579
10 0.289085 0.351503 0.322067 0.074797
10 0.286318 0.414733 0.323173 0.036242
10 0.663169 0.413962 0.364123 0.085592
10 0.662063 0.489915 0.361910 0.050893
10 0.287425 0.450589 0.320960 0.026217
10 0.285765 0.482658 0.324280 0.023904
10 0.660402 0.552828 0.365230 0.060917
10 0.659849 0.621660 0.361910 0.064772
10 0.285212 0.517562 0.320960 0.035471
10 0.286318 0.553033 0.318746 0.024675
10 0.283551 0.583105 0.324280 0.024675
10 0.284658 0.613949 0.326494 0.026217
10 0.283551 0.649420 0.317640 0.035471
10 0.284658 0.691445 0.315426 0.036242
10 0.282445 0.732313 0.319853 0.036242
10 0.260863 0.785519 0.365230 0.059375
10 0.261970 0.837183 0.365230 0.037784
10 0.658189 0.696457 0.363017 0.070941
10 0.658189 0.757313 0.360803 0.035471
10 0.659296 0.817073 0.360803 0.071712
10 0.147420 0.869893 0.156053 0.020049
