8 0.292740 0.103968 0.355061 0.014742
8 0.184102 0.131405 0.139905 0.015561
10 0.514255 0.175221 0.795972 0.050778
10 0.514785 0.285377 0.794913 0.143325
10 0.515315 0.394411 0.793853 0.049959
10 0.514255 0.458076 0.791733 0.049140
10 0.514785 0.528919 0.792793 0.067977
10 0.514785 0.593086 0.792793 0.031122
10 0.515315 0.646543 0.793853 0.048321
10 0.514785 0.718330 0.794913 0.067158
10 0.516375 0.782621 0.793853 0.033579
8 0.461261 0.844456 0.692104 0.014742
10 0.515315 0.878444 0.793853 0.028665
5 0.514255 0.943555 0.096449 0.024570
5 0.892634 0.945193 0.096449 0.019656
