6 0.489408 0.155934 0.762556 0.015444
10 0.862939 0.099859 0.022135 0.023938
10 0.294619 0.194708 0.364123 0.048649
10 0.716294 0.196639 0.317640 0.046332
10 0.699692 0.246060 0.344202 0.035521
10 0.293512 0.242971 0.364123 0.037066
10 0.290192 0.325983 0.364123 0.110425
10 0.286318 0.414313 0.363017 0.050193
10 0.285212 0.470287 0.363017 0.050193
10 0.696925 0.289206 0.345308 0.035521
10 0.694712 0.330519 0.347522 0.034749
10 0.690285 0.379553 0.351949 0.047876
10 0.691392 0.423183 0.345308 0.023938
10 0.695819 0.468053 0.343095 0.050965
10 0.664276 0.507327 0.293291 0.011583
10 0.284658 0.552115 0.368550 0.102703
10 0.690285 0.540145 0.345308 0.037066
10 0.690285 0.585319 0.340881 0.036293
10 0.282445 0.622771 0.361910 0.024710
10 0.689732 0.639373 0.341988 0.048649
10 0.689178 0.684127 0.340881 0.023938
10 0.294066 0.660189 0.340881 0.034749
10 0.280784 0.710221 0.316533 0.045560
10 0.686965 0.716399 0.338668 0.020849
10 0.688625 0.778829 0.337561 0.079537
10 0.688071 0.851802 0.338668 0.046332
10 0.287978 0.775354 0.337561 0.069498
10 0.290192 0.848327 0.339775 0.062548
10 0.177303 0.905856 0.173761 0.018533
