10 0.548702 0.096130 0.722840 0.050778
10 0.456492 0.133804 0.544780 0.011466
10 0.550821 0.178440 0.722840 0.069615
10 0.549232 0.234951 0.723900 0.030303
10 0.548702 0.298833 0.724960 0.085995
8 0.250874 0.372652 0.271330 0.013923
10 0.342554 0.399270 0.302067 0.016380
9 0.532803 0.522120 0.688924 0.209664
10 0.548702 0.654643 0.724960 0.049959
8 0.194701 0.698299 0.154743 0.013923
8 0.334605 0.726145 0.294648 0.013923
9 0.515315 0.781837 0.554319 0.095823
10 0.403498 0.857184 0.438792 0.014742
10 0.532273 0.877659 0.694224 0.013104
5 0.513725 0.941132 0.095389 0.025389
