10 0.546651 0.164498 0.742218 0.142336
10 0.520917 0.331430 0.793686 0.143383
8 0.295407 0.433472 0.356210 0.014652
8 0.231750 0.469580 0.228896 0.015699
10 0.545973 0.497838 0.740864 0.032444
8 0.220914 0.544697 0.209934 0.015699
10 0.544619 0.580281 0.743572 0.051283
4 0.282540 0.639120 0.219415 0.015699
4 0.276445 0.656912 0.204516 0.011513
10 0.546651 0.701392 0.742218 0.033491
10 0.546651 0.755815 0.744927 0.033491
10 0.546651 0.811468 0.744927 0.032444
8 0.231072 0.858501 0.227541 0.015699
10 0.544619 0.885712 0.740864 0.032444
5 0.516853 0.940659 0.254630 0.027211
