10 0.551487 0.100870 0.730838 0.013118
10 0.247184 0.118908 0.125626 0.015086
8 0.394030 0.145144 0.556829 0.013774
10 0.551912 0.217950 0.731687 0.105601
10 0.228510 0.280917 0.081487 0.013774
10 0.552336 0.301010 0.729140 0.013774
10 0.229358 0.319047 0.081487 0.013118
9 0.553609 0.373665 0.726594 0.076741
9 0.554458 0.470739 0.721501 0.076741
10 0.276893 0.540314 0.183346 0.013774
10 0.554034 0.567862 0.732535 0.033451
10 0.264160 0.595410 0.152788 0.015086
10 0.552336 0.623614 0.730838 0.030828
10 0.411856 0.651819 0.449877 0.012462
8 0.399548 0.695109 0.566166 0.011150
10 0.552760 0.758404 0.731687 0.086580
10 0.236998 0.813996 0.103557 0.015742
10 0.552336 0.832362 0.730838 0.013118
10 0.416524 0.850727 0.464307 0.015742
5 0.517110 0.906807 0.268228 0.011150
5 0.516261 0.921237 0.064511 0.011150
