8 0.499349 0.086181 0.825920 0.031092
10 0.534821 0.131592 0.752858 0.033547
10 0.543821 0.251052 0.734857 0.180827
10 0.543821 0.361921 0.732740 0.031092
10 0.546469 0.390968 0.731681 0.015546
10 0.360636 0.410196 0.296484 0.014728
10 0.545939 0.438425 0.734857 0.033547
10 0.315634 0.466653 0.202245 0.014728
10 0.491407 0.502247 0.668148 0.013910
10 0.533762 0.548068 0.752858 0.049911
10 0.221395 0.584069 0.058238 0.015546
10 0.534821 0.630708 0.754976 0.030274
10 0.398226 0.657300 0.414019 0.013091
10 0.532703 0.751288 0.754976 0.119460
10 0.550175 0.878009 0.724269 0.069549
5 0.499878 0.951239 0.085769 0.024547
