6 0.508459 0.141993 0.752831 0.011811
10 0.327274 0.226639 0.345516 0.135827
10 0.311824 0.360006 0.367988 0.115158
10 0.311824 0.435301 0.362370 0.023622
10 0.310419 0.467782 0.359561 0.023622
10 0.311121 0.494849 0.321639 0.012795
10 0.320953 0.539196 0.341302 0.062008
10 0.313931 0.584042 0.330066 0.012795
10 0.319549 0.609141 0.344111 0.025591
10 0.282329 0.637684 0.264053 0.011811
10 0.250726 0.656877 0.192421 0.012795
10 0.319549 0.680980 0.341302 0.021654
10 0.282328 0.707062 0.258434 0.010827
10 0.248620 0.725271 0.188208 0.013780
10 0.320251 0.758736 0.337088 0.047244
10 0.319549 0.802983 0.341302 0.023622
10 0.307610 0.832949 0.359561 0.024606
10 0.308312 0.864445 0.363775 0.024606
10 0.712116 0.189234 0.362370 0.062992
10 0.724055 0.239923 0.335684 0.026575
10 0.721246 0.291596 0.341302 0.061024
10 0.719139 0.368860 0.337088 0.073819
10 0.717734 0.433673 0.342706 0.037402
10 0.716330 0.472657 0.339897 0.025591
10 0.712818 0.500784 0.332875 0.014764
10 0.713521 0.522078 0.342707 0.013780
10 0.712116 0.559972 0.348325 0.050197
10 0.716330 0.618279 0.342706 0.051181
10 0.717734 0.682748 0.337088 0.062008
10 0.716330 0.733437 0.342706 0.025591
10 0.714223 0.783634 0.344111 0.059055
10 0.712116 0.846626 0.348325 0.049213
10 0.891194 0.093108 0.023877 0.026575
