10 0.533830 0.114673 0.758849 0.087236
10 0.384012 0.169441 0.386215 0.013118
10 0.534678 0.217650 0.757151 0.028204
10 0.228253 0.243559 0.076394 0.013118
10 0.534678 0.317021 0.757151 0.068215
10 0.206183 0.362477 0.100161 0.013774
8 0.340722 0.415620 0.510143 0.013118
10 0.534678 0.441200 0.753756 0.014430
10 0.425605 0.459566 0.540701 0.013118
10 0.195998 0.507775 0.218997 0.015086
10 0.535527 0.534011 0.755454 0.012462
10 0.254566 0.551721 0.195230 0.012462
10 0.533830 0.580253 0.757151 0.031484
10 0.475261 0.608457 0.636618 0.013118
10 0.533405 0.636095 0.754605 0.030828
10 0.217643 0.663643 0.119684 0.015086
10 0.531283 0.683717 0.750361 0.017054
10 0.481627 0.709625 0.651048 0.032140
10 0.534254 0.755211 0.754605 0.051161
10 0.226131 0.793891 0.134963 0.007871
10 0.534254 0.811229 0.754605 0.011150
10 0.370855 0.829267 0.431203 0.014430
10 0.534678 0.848288 0.757151 0.014430
10 0.184114 0.866326 0.054325 0.012462
10 0.533405 0.902401 0.756303 0.028204
5 0.498603 0.952250 0.085731 0.022957
