11 0.501221 0.226313 0.417594 0.053235
10 0.499631 0.282005 0.113408 0.013923
10 0.673982 0.312308 0.120827 0.013923
8 0.500161 0.351211 0.466349 0.026208
10 0.497511 0.402398 0.475888 0.058149
10 0.499631 0.469966 0.475888 0.058968
10 0.501221 0.523610 0.472708 0.030303
8 0.502811 0.561694 0.094330 0.018018
8 0.501221 0.591587 0.097509 0.017199
10 0.508640 0.620662 0.453630 0.027846
10 0.411661 0.651784 0.240594 0.013104
10 0.502811 0.696419 0.471648 0.063063
10 0.781030 0.651374 0.048755 0.072891
