4 0.354213 0.078658 0.346582 0.013923
4 0.502067 0.097904 0.644409 0.013104
4 0.305458 0.116332 0.251192 0.012285
4 0.433704 0.137626 0.507684 0.013923
4 0.371701 0.157691 0.383678 0.013104
4 0.377001 0.175300 0.390037 0.013923
10 0.534393 0.240001 0.755697 0.067977
10 0.534393 0.322828 0.757817 0.049140
8 0.241865 0.386435 0.196078 0.013923
10 0.541812 0.421652 0.732379 0.031941
9 0.470270 0.487991 0.555379 0.095823
10 0.533863 0.588171 0.754637 0.067158
10 0.533333 0.689366 0.753577 0.086814
10 0.534393 0.809822 0.753577 0.104013
10 0.529094 0.902370 0.766296 0.031941
5 0.499947 0.951919 0.084791 0.024570
