10 0.533106 0.085506 0.753053 0.031398
10 0.496537 0.114287 0.677206 0.013606
10 0.533784 0.141499 0.754408 0.032444
10 0.480962 0.169757 0.648764 0.013606
8 0.330622 0.207957 0.488943 0.014652
10 0.533784 0.243541 0.754408 0.031398
10 0.245294 0.279125 0.318287 0.014652
10 0.231072 0.304767 0.148985 0.013606
10 0.534461 0.349247 0.753053 0.048143
10 0.535138 0.413612 0.757117 0.068028
8 0.227686 0.479548 0.142213 0.015699
10 0.533106 0.506236 0.755762 0.014652
10 0.534461 0.523390 0.755762 0.015699
10 0.551391 0.551648 0.719193 0.034537
10 0.433557 0.579906 0.559372 0.013606
10 0.399697 0.597922 0.486234 0.014652
10 0.480284 0.616760 0.650118 0.014652
8 0.237167 0.653590 0.161175 0.017792
10 0.534461 0.687604 0.753053 0.031398
10 0.534461 0.744120 0.753053 0.066982
10 0.535138 0.819024 0.754408 0.065935
10 0.534461 0.872910 0.755762 0.030351
10 0.384798 0.901168 0.459146 0.015699
5 0.499246 0.951405 0.083974 0.024072
5 0.872387 0.934659 0.101581 0.019885
