4 0.417276 0.100978 0.415474 0.014742
4 0.445363 0.120225 0.469528 0.013923
8 0.183042 0.160356 0.135665 0.013923
10 0.551881 0.215229 0.729200 0.067977
10 0.396078 0.279769 0.417594 0.013923
4 0.523264 0.307298 0.631690 0.012285
4 0.308108 0.325725 0.197138 0.011466
4 0.311818 0.345791 0.202438 0.013923
4 0.400318 0.365037 0.379438 0.011466
4 0.349444 0.384284 0.284049 0.012285
4 0.326126 0.403940 0.233174 0.015561
8 0.260413 0.452261 0.288288 0.015561
10 0.551881 0.488024 0.731320 0.032760
10 0.551351 0.525289 0.730260 0.030303
8 0.272072 0.589990 0.313725 0.013923
8 0.348914 0.637829 0.329624 0.011466
8 0.296449 0.657485 0.178060 0.013104
4 0.296449 0.657485 0.178060 0.013104
4 0.381240 0.676322 0.343402 0.014742
4 0.486169 0.695978 0.553259 0.011466
4 0.468680 0.714815 0.516163 0.013104
4 0.508426 0.733356 0.595654 0.013923
4 0.417806 0.754240 0.412295 0.013104
8 0.334075 0.793962 0.293588 0.013923
4 0.280551 0.813551 0.142024 0.014742
4 0.362162 0.832797 0.305246 0.012285
4 0.459671 0.852863 0.498145 0.014742
5 0.517435 0.940905 0.147324 0.028665
5 0.833810 0.937220 0.097509 0.018018
