10 0.545939 0.110398 0.741211 0.031911
8 0.228277 0.157037 0.224481 0.017183
10 0.546469 0.202039 0.742269 0.067912
8 0.314046 0.285497 0.396018 0.015546
10 0.546469 0.312908 0.742269 0.032729
8 0.305046 0.358110 0.378017 0.013910
4 0.563411 0.387157 0.708386 0.013092
4 0.387638 0.405158 0.361075 0.013092
4 0.523173 0.422750 0.636382 0.015546
4 0.563411 0.454660 0.708386 0.030274
10 0.353754 0.500189 0.358958 0.013910
8 0.293928 0.536319 0.353663 0.014728
4 0.436346 0.563729 0.454256 0.013910
4 0.405109 0.583776 0.387547 0.013091
4 0.518408 0.601777 0.616264 0.014728
4 0.563411 0.630360 0.708386 0.031092
10 0.364872 0.677665 0.374841 0.013910
8 0.289692 0.714076 0.345192 0.014728
10 0.517350 0.788125 0.800507 0.087549
10 0.517879 0.880174 0.801566 0.049093
5 0.515761 0.939904 0.253070 0.026183
