9 0.528997 0.153631 0.821685 0.123551
4 0.201276 0.224817 0.157772 0.015546
4 0.247867 0.245272 0.242482 0.015546
10 0.517350 0.307866 0.798390 0.067094
8 0.486642 0.392130 0.745446 0.013910
8 0.404050 0.440814 0.578144 0.013091
4 0.284927 0.467286 0.164125 0.015546
4 0.282809 0.487332 0.157772 0.014728
4 0.352695 0.507379 0.289072 0.012273
4 0.319870 0.525789 0.223422 0.013091
4 0.322517 0.543789 0.226599 0.013092
4 0.303987 0.565472 0.191656 0.013910
4 0.414639 0.583882 0.412960 0.011455
10 0.551233 0.611292 0.728504 0.030274
9 0.546998 0.778458 0.736975 0.283104
5 0.515232 0.940057 0.148242 0.027001
5 0.890073 0.942511 0.095298 0.017183
