10 0.168733 0.077725 0.024377 0.015561
10 0.534923 0.130960 0.752517 0.067977
10 0.462321 0.177643 0.611553 0.013923
10 0.203710 0.214028 0.096449 0.013923
10 0.448543 0.233275 0.583996 0.014742
10 0.224907 0.270130 0.136725 0.014742
10 0.407207 0.289376 0.501325 0.017199
10 0.270482 0.313537 0.227875 0.014742
10 0.534393 0.342202 0.753577 0.032760
10 0.451192 0.371277 0.587175 0.013923
10 0.381240 0.388118 0.453630 0.014742
8 0.498357 0.434801 0.829889 0.032760
10 0.534393 0.479411 0.753577 0.028665
10 0.533333 0.553617 0.755697 0.104832
10 0.533863 0.627166 0.754637 0.030303
10 0.533863 0.682375 0.754637 0.068796
8 0.498357 0.756283 0.825649 0.031122
10 0.533863 0.800200 0.754637 0.031122
10 0.533333 0.837055 0.755697 0.032760
10 0.533333 0.875548 0.755697 0.031122
10 0.532803 0.911994 0.754637 0.031941
5 0.500477 0.952125 0.085851 0.022113
