8 0.381041 0.077987 0.534759 0.013118
4 0.429849 0.103895 0.486376 0.012462
10 0.549957 0.122589 0.728291 0.017054
10 0.405657 0.141610 0.370087 0.010495
10 0.548684 0.188508 0.725745 0.067559
10 0.414994 0.233110 0.390459 0.012462
8 0.311438 0.269517 0.397250 0.013774
10 0.549533 0.305264 0.727442 0.030172
10 0.272392 0.333468 0.173160 0.010495
8 0.223160 0.359048 0.212206 0.011806
10 0.549109 0.394468 0.724896 0.028860
10 0.284275 0.422672 0.196927 0.011806
10 0.548684 0.463010 0.725745 0.015086
10 0.227404 0.480720 0.079789 0.012462
8 0.513882 0.527482 0.797046 0.016398
8 0.254566 0.545192 0.129021 0.015086
10 0.548684 0.611110 0.727442 0.085268
10 0.223584 0.667191 0.072150 0.012462
10 0.548260 0.720620 0.726594 0.066247
10 0.277909 0.766206 0.114591 0.013118
8 0.323321 0.829689 0.412529 0.014430
10 0.544016 0.857893 0.713012 0.013118
10 0.341147 0.884130 0.310670 0.011806
10 0.454040 0.902495 0.536457 0.013118
5 0.514307 0.942238 0.096766 0.022301
5 0.836011 0.930759 0.100161 0.017710
