11 0.516853 0.103373 0.327768 0.018839
8 0.378703 0.140527 0.533638 0.019885
10 0.516176 0.198613 0.803167 0.029305
10 0.514822 0.274491 0.800458 0.049190
10 0.516176 0.350892 0.800458 0.030351
10 0.516176 0.418397 0.800458 0.029305
10 0.516176 0.484589 0.800458 0.031398
10 0.516176 0.551048 0.803167 0.030351
4 0.361773 0.586632 0.312869 0.015699
4 0.397665 0.605994 0.384653 0.014652
4 0.383444 0.625879 0.353502 0.014652
10 0.516176 0.684431 0.800458 0.050236
10 0.564258 0.748796 0.707003 0.049190
10 0.564258 0.804789 0.707003 0.050236
10 0.552068 0.850764 0.731383 0.032444
8 0.396311 0.909373 0.563436 0.015699
5 0.516176 0.940247 0.109707 0.027211
5 0.822951 0.932921 0.097518 0.018839
