6 0.095688 0.065894 0.020372 0.010823
6 0.461531 0.063832 0.342925 0.008761
6 0.779416 0.063059 0.126475 0.011338
10 0.804881 0.079293 0.082336 0.011853
11 0.466200 0.098877 0.106103 0.010823
10 0.465775 0.117429 0.290298 0.009792
3 0.464502 0.137271 0.269077 0.013399
3 0.467897 0.153247 0.260589 0.011338
10 0.468322 0.170474 0.753756 0.012884
10 0.173780 0.184131 0.166370 0.008246
3 0.177175 0.202941 0.179951 0.012884
3 0.177600 0.219175 0.177404 0.013399
10 0.467473 0.242701 0.758849 0.021645
10 0.267575 0.261965 0.357355 0.011853
3 0.348638 0.261965 0.195230 0.010823
9 0.469595 0.445078 0.756302 0.309215
10 0.161472 0.616262 0.140056 0.010823
4 0.252720 0.633526 0.258043 0.011338
10 0.485723 0.666251 0.725745 0.035560
10 0.487845 0.698976 0.726594 0.009276
10 0.189059 0.711087 0.078092 0.010823
4 0.276488 0.732475 0.308972 0.010307
10 0.486572 0.759016 0.727443 0.022160
