11 0.517531 0.103255 0.274946 0.018839
4 0.279154 0.166051 0.272237 0.014652
4 0.296761 0.183843 0.307452 0.014652
4 0.206693 0.201635 0.124606 0.016745
4 0.396988 0.221520 0.505196 0.014652
10 0.873064 0.282222 0.094809 0.014652
8 0.300825 0.336454 0.372463 0.014652
8 0.377349 0.381457 0.528221 0.014652
10 0.517531 0.445514 0.803167 0.069075
10 0.516853 0.536044 0.804521 0.032444
10 0.355678 0.572151 0.295262 0.016745
10 0.562903 0.600932 0.707003 0.032444
10 0.563581 0.637563 0.711066 0.030351
10 0.521594 0.702844 0.792331 0.049190
8 0.391570 0.777676 0.551246 0.016745
8 0.288635 0.814830 0.345375 0.015699
10 0.518208 0.879195 0.801812 0.066982
5 0.516853 0.939897 0.251921 0.027211
5 0.891349 0.943560 0.101581 0.017792
