11 0.499795 0.080650 0.295262 0.017792
8 0.264127 0.138212 0.360274 0.013606
8 0.189634 0.158097 0.203162 0.015699
10 0.534332 0.193682 0.757116 0.032444
10 0.425979 0.222463 0.540411 0.014652
4 0.235007 0.249151 0.155757 0.013606
4 0.256000 0.265896 0.197744 0.015699
4 0.258032 0.284735 0.204516 0.013606
4 0.244488 0.304097 0.174719 0.014652
4 0.260064 0.322936 0.208580 0.012559
4 0.233653 0.340433 0.155757 0.015699
4 0.349455 0.360318 0.384653 0.015699
4 0.262095 0.378111 0.209934 0.013606
4 0.220786 0.396426 0.130024 0.014652
8 0.326430 0.433819 0.482171 0.015699
10 0.533655 0.469926 0.755762 0.029305
4 0.342683 0.505585 0.376527 0.013606
4 0.413789 0.523377 0.516031 0.015699
4 0.284443 0.541169 0.260047 0.013606
4 0.306114 0.560531 0.300680 0.016745
4 0.353518 0.579893 0.392780 0.013606
4 0.250583 0.597162 0.189618 0.014652
10 0.396859 0.616524 0.484880 0.013606
8 0.459162 0.661549 0.747636 0.014652
10 0.307468 0.688238 0.303388 0.015699
4 0.253291 0.714926 0.195035 0.014652
4 0.258032 0.732718 0.201807 0.014652
4 0.451036 0.751556 0.593233 0.012559
4 0.392119 0.768825 0.469981 0.015699
4 0.383992 0.788187 0.453728 0.014652
4 0.324398 0.806502 0.339957 0.015699
4 0.268867 0.825864 0.226187 0.012559
4 0.293247 0.843656 0.277655 0.016745
4 0.262772 0.863018 0.213997 0.015699
4 0.270899 0.881857 0.232959 0.015699
4 0.362999 0.900172 0.414450 0.014652
4 0.240425 0.918488 0.169302 0.017792
5 0.499795 0.951979 0.089391 0.026165
5 0.816727 0.950409 0.097518 0.018839
