6 0.393699 0.185043 0.299661 0.011455
6 0.788659 0.181361 0.020119 0.013910
10 0.479998 0.228818 0.470139 0.027001
10 0.481586 0.321277 0.475434 0.100641
10 0.769070 0.280775 0.057179 0.024547
10 0.304754 0.382234 0.113299 0.013092
10 0.485292 0.441368 0.470139 0.058094
10 0.487939 0.508053 0.471198 0.060548
10 0.770129 0.426231 0.059297 0.022910
10 0.487410 0.606239 0.472257 0.083458
10 0.775423 0.582511 0.069886 0.022910
4 0.500646 0.671204 0.447903 0.025365
4 0.500116 0.716615 0.448962 0.042547
4 0.502234 0.787801 0.446844 0.073640
