10 0.564469 0.087193 0.689326 0.031092
4 0.548057 0.124422 0.726386 0.030274
4 0.548586 0.162060 0.721092 0.031911
4 0.460170 0.189470 0.548496 0.016364
4 0.560234 0.227518 0.704150 0.051548
4 0.423639 0.264338 0.435196 0.013910
4 0.543292 0.283975 0.666031 0.013910
8 0.175334 0.321235 0.116476 0.015546
10 0.398226 0.346191 0.426725 0.013091
10 0.498819 0.365010 0.623676 0.016364
9 0.526350 0.448469 0.657560 0.132552
10 0.547527 0.542973 0.723210 0.049911
10 0.203394 0.578565 0.032825 0.013092
8 0.240454 0.606974 0.246717 0.016364
10 0.549645 0.641204 0.723210 0.030274
4 0.281750 0.676797 0.193774 0.013092
4 0.342636 0.694389 0.315544 0.013910
4 0.315105 0.713617 0.262600 0.013091
4 0.282280 0.732436 0.192715 0.013092
4 0.548586 0.760664 0.727445 0.028638
8 0.202865 0.806894 0.175773 0.014728
10 0.550704 0.842077 0.725327 0.029456
4 0.333635 0.878897 0.293308 0.013091
4 0.294986 0.896898 0.218128 0.013091
4 0.281221 0.914081 0.190597 0.011455
5 0.514702 0.942309 0.096357 0.025365
