10 0.552355 0.120045 0.733384 0.051817
8 0.382166 0.156448 0.393006 0.013118
10 0.554478 0.175141 0.734233 0.015086
10 0.301952 0.193835 0.230880 0.014430
8 0.397869 0.212528 0.429505 0.016398
10 0.554053 0.248931 0.733384 0.049849
10 0.356277 0.286974 0.339530 0.011806
8 0.448374 0.330254 0.664629 0.012462
9 0.539199 0.473488 0.844580 0.253181
8 0.452194 0.647909 0.675664 0.015086
10 0.551082 0.673162 0.732535 0.014430
10 0.413573 0.690543 0.450726 0.013774
10 0.454741 0.710549 0.536457 0.011806
8 0.517129 0.758272 0.802139 0.013774
8 0.241686 0.776310 0.112045 0.014430
8 0.237442 0.802874 0.103557 0.012462
10 0.552355 0.820743 0.733384 0.014430
10 0.336330 0.841077 0.303030 0.010495
8 0.381317 0.859442 0.387913 0.013118
10 0.442857 0.876824 0.510992 0.012462
5 0.517978 0.906340 0.269077 0.012462
5 0.517129 0.922737 0.065359 0.011150
