6 0.499631 0.190280 0.554319 0.017199
10 0.247379 0.228773 0.041335 0.020475
8 0.510230 0.224678 0.372019 0.015561
10 0.549976 0.262352 0.445151 0.058149
10 0.548386 0.322958 0.448331 0.045045
10 0.549446 0.367594 0.444091 0.027846
10 0.548916 0.421238 0.445151 0.063063
10 0.549446 0.496177 0.444091 0.075348
10 0.548386 0.571935 0.444091 0.061425
10 0.542026 0.618618 0.439852 0.018837
8 0.533547 0.687122 0.102809 0.017199
8 0.529838 0.717834 0.337043 0.019656
10 0.527718 0.778440 0.479067 0.073710
10 0.247909 0.769431 0.059353 0.090090
