10 0.535815 0.095997 0.755762 0.050236
10 0.535815 0.142047 0.755762 0.031398
10 0.535815 0.214785 0.755762 0.107799
10 0.535815 0.316828 0.758471 0.087914
10 0.534461 0.429336 0.755762 0.124544
10 0.535138 0.539717 0.754408 0.084774
8 0.300147 0.615072 0.436121 0.015699
10 0.534461 0.686764 0.755762 0.102566
10 0.514145 0.750606 0.715130 0.014652
10 0.534461 0.779910 0.755762 0.029305
8 0.262901 0.825960 0.361628 0.016745
10 0.535138 0.878813 0.759825 0.068028
5 0.499246 0.951028 0.086682 0.026165
