6 0.458211 0.155645 0.755420 0.013878
10 0.864161 0.100627 0.025416 0.024783
10 0.266179 0.201742 0.365708 0.062453
8 0.263355 0.251803 0.309228 0.023792
10 0.261943 0.283653 0.362884 0.023792
10 0.399613 0.308436 0.090368 0.013878
10 0.259825 0.378160 0.367120 0.114993
10 0.256295 0.459554 0.362884 0.037670
10 0.255589 0.550260 0.364296 0.127880
10 0.254177 0.639479 0.364296 0.036679
10 0.254177 0.683848 0.361472 0.036679
10 0.254177 0.727466 0.364296 0.034696
10 0.254883 0.763649 0.362884 0.021809
10 0.268297 0.793388 0.333232 0.019826
10 0.269003 0.829572 0.334644 0.036679
10 0.268297 0.868233 0.333232 0.024783
10 0.677071 0.190667 0.331820 0.037670
10 0.679189 0.239242 0.327584 0.047583
10 0.676365 0.284842 0.327584 0.019826
10 0.653773 0.309625 0.296520 0.011896
10 0.672835 0.332426 0.331820 0.023792
10 0.674953 0.366798 0.327584 0.023792
10 0.672129 0.397825 0.324760 0.023792
10 0.672129 0.429052 0.327584 0.022800
10 0.670717 0.472661 0.327584 0.049566
10 0.668599 0.519077 0.331820 0.021809
10 0.666481 0.550799 0.330408 0.021809
10 0.667893 0.581530 0.333232 0.023792
10 0.668599 0.613252 0.331820 0.023792
10 0.667187 0.644974 0.334644 0.023792
10 0.667893 0.673227 0.327584 0.012887
10 0.667187 0.696693 0.328996 0.023792
10 0.667187 0.738368 0.326172 0.047583
10 0.664363 0.781443 0.331820 0.024783
10 0.665069 0.842409 0.330408 0.085253
