10 0.535350 0.095759 0.756035 0.049911
8 0.314046 0.141580 0.453197 0.015546
10 0.535880 0.213583 0.754976 0.105550
8 0.188040 0.300723 0.201186 0.014728
10 0.535880 0.345725 0.757094 0.050730
10 0.201806 0.381318 0.088945 0.012273
10 0.535350 0.401364 0.756035 0.013092
10 0.196511 0.419365 0.074121 0.013092
8 0.197041 0.445783 0.221304 0.014728
10 0.534821 0.489148 0.754976 0.049093
10 0.534821 0.571858 0.754976 0.086731
4 0.338400 0.627773 0.321897 0.015546
4 0.316693 0.646592 0.276366 0.013910
4 0.523173 0.665002 0.682973 0.013091
10 0.533762 0.757461 0.757094 0.124369
10 0.289692 0.831325 0.203303 0.013092
10 0.534292 0.868963 0.756035 0.049093
5 0.499349 0.951603 0.084710 0.024547
