10 0.516412 0.078505 0.798390 0.013910
10 0.250106 0.096097 0.265777 0.013092
8 0.276577 0.121871 0.322956 0.015546
10 0.549766 0.158282 0.723210 0.031092
8 0.249576 0.212454 0.264718 0.016364
10 0.549766 0.239805 0.721092 0.014728
10 0.290343 0.256988 0.204362 0.013091
10 0.549237 0.294217 0.726386 0.051548
10 0.550296 0.377675 0.724269 0.107187
10 0.214633 0.441087 0.055061 0.013092
10 0.550296 0.534773 0.724269 0.162826
10 0.429055 0.636172 0.486022 0.031092
8 0.366052 0.670832 0.501905 0.015546
10 0.549766 0.706131 0.723210 0.030274
8 0.514294 0.750314 0.796272 0.033547
10 0.549766 0.804317 0.729563 0.051548
10 0.236870 0.849728 0.239305 0.016364
10 0.548708 0.883275 0.727445 0.032729
5 0.514294 0.943005 0.099534 0.026183
