10 0.544619 0.086534 0.732737 0.032444
10 0.545296 0.142527 0.734091 0.071168
10 0.479607 0.212649 0.643346 0.012559
10 0.535138 0.239337 0.754408 0.032444
10 0.534461 0.276491 0.755762 0.031398
10 0.535815 0.360218 0.758471 0.123498
10 0.255452 0.452318 0.197744 0.012559
10 0.533106 0.517207 0.753053 0.106752
8 0.419336 0.607798 0.669080 0.015699
8 0.298116 0.633440 0.426640 0.016745
10 0.529720 0.707224 0.765243 0.105706
8 0.250034 0.778916 0.330477 0.016745
10 0.535138 0.860027 0.754408 0.124544
5 0.499246 0.951080 0.086682 0.026165
