8 0.259353 0.098057 0.286169 0.013923
4 0.454372 0.149245 0.443031 0.013104
4 0.390249 0.233602 0.314785 0.011466
4 0.343084 0.248754 0.220456 0.010647
4 0.299629 0.266772 0.137785 0.009009
4 0.372761 0.280285 0.279809 0.013104
4 0.566190 0.345105 0.668786 0.012285
4 0.486698 0.361894 0.505564 0.011466
4 0.456492 0.379093 0.443031 0.009828
4 0.539693 0.436833 0.613672 0.010647
4 0.566720 0.459765 0.667727 0.025389
4 0.516905 0.483516 0.570217 0.010647
4 0.431055 0.499553 0.396396 0.010647
4 0.329306 0.514704 0.192899 0.011466
4 0.571489 0.551150 0.679385 0.013923
4 0.566190 0.573263 0.668786 0.025389
4 0.529094 0.595376 0.590355 0.010647
4 0.559300 0.619127 0.652888 0.025389
4 0.515845 0.661898 0.565978 0.011466
8 0.271542 0.677868 0.075252 0.010647
4 0.344674 0.694248 0.219396 0.010647
4 0.482989 0.709809 0.498145 0.010647
4 0.291150 0.727008 0.116587 0.012285
4 0.264123 0.743798 0.060413 0.013104
4 0.453842 0.782071 0.444091 0.012285
4 0.315527 0.798041 0.165342 0.011466
4 0.379650 0.813602 0.291468 0.009828
4 0.337255 0.830801 0.210917 0.011466
5 0.517435 0.940138 0.149444 0.027027
8 0.172973 0.825068 0.073132 0.026208
8 0.174033 0.721465 0.081611 0.012285
8 0.174033 0.607214 0.100689 0.013104
8 0.173503 0.494602 0.099629 0.035217
8 0.172973 0.381489 0.083731 0.011466
8 0.172973 0.277886 0.083731 0.010647
8 0.174033 0.170012 0.083731 0.012285
