4 0.314467 0.078371 0.218336 0.013923
4 0.308108 0.096799 0.197138 0.014742
4 0.294860 0.116455 0.168521 0.014742
4 0.310758 0.137339 0.202438 0.013923
10 0.453312 0.155357 0.534181 0.013923
10 0.561420 0.191393 0.703763 0.030303
10 0.559830 0.229477 0.700583 0.031122
10 0.560360 0.267151 0.701643 0.031122
10 0.548702 0.330115 0.724960 0.031941
8 0.283731 0.365127 0.337043 0.014742
10 0.549232 0.428190 0.726020 0.088452
8 0.481929 0.490844 0.731320 0.015561
10 0.547642 0.525608 0.724960 0.031941
9 0.541812 0.657688 0.730260 0.209664
10 0.549232 0.829269 0.726020 0.087633
5 0.514255 0.941881 0.096449 0.024570
