8 0.214308 0.078063 0.198198 0.015561
10 0.548702 0.112461 0.729200 0.033579
4 0.495178 0.150136 0.577636 0.015561
4 0.282671 0.168973 0.148384 0.013923
4 0.494648 0.188219 0.572337 0.014742
4 0.404028 0.206647 0.393217 0.015561
4 0.329306 0.226712 0.243773 0.014742
4 0.417276 0.245140 0.417594 0.013923
4 0.560890 0.274214 0.702703 0.029484
8 0.271012 0.321716 0.309486 0.016380
10 0.548172 0.391331 0.730260 0.106470
4 0.328246 0.466176 0.286169 0.013923
4 0.392899 0.482966 0.415474 0.014742
4 0.524854 0.502212 0.677265 0.015561
4 0.548172 0.528830 0.723900 0.031122
4 0.548702 0.566504 0.727080 0.029484
4 0.297509 0.593121 0.222576 0.015561
10 0.503657 0.640214 0.639110 0.016380
4 0.534393 0.667650 0.698463 0.015561
4 0.514785 0.684440 0.657128 0.016380
4 0.533333 0.702048 0.696343 0.015561
4 0.548702 0.729485 0.724960 0.034398
4 0.298569 0.758559 0.224695 0.013923
4 0.548702 0.811385 0.727080 0.031122
4 0.543402 0.846602 0.716481 0.014742
4 0.549762 0.873219 0.727080 0.033579
5 0.513725 0.942425 0.097509 0.024570
