8 0.328776 0.100714 0.427133 0.013104
10 0.517435 0.146578 0.802332 0.036036
4 0.415686 0.178110 0.414414 0.013923
4 0.357393 0.198585 0.293588 0.015561
4 0.453842 0.217012 0.490726 0.013104
10 0.329306 0.236668 0.426073 0.014742
8 0.256704 0.283761 0.280869 0.015561
8 0.442713 0.325939 0.657128 0.014742
10 0.517435 0.371394 0.802332 0.049959
8 0.262533 0.417135 0.294648 0.013923
10 0.552411 0.452352 0.730260 0.030303
8 0.374881 0.487569 0.517223 0.012285
10 0.551881 0.522376 0.731320 0.032760
8 0.303339 0.557184 0.374139 0.015561
10 0.423635 0.583554 0.474828 0.014742
10 0.563540 0.620000 0.712242 0.031941
10 0.562480 0.667092 0.708002 0.054054
10 0.563540 0.760768 0.708002 0.125307
10 0.552411 0.865191 0.734499 0.031122
5 0.516375 0.914331 0.268150 0.027846
5 0.844939 0.928254 0.100689 0.019656
