10 0.552292 0.110850 0.730622 0.028638
10 0.516291 0.163625 0.802625 0.050730
10 0.516820 0.227446 0.805802 0.052366
10 0.515761 0.290449 0.803684 0.049093
10 0.517350 0.350179 0.802625 0.047457
10 0.551763 0.398200 0.738034 0.013091
10 0.222454 0.415791 0.073062 0.013910
10 0.551763 0.443611 0.731681 0.030274
10 0.552822 0.480840 0.731681 0.032729
10 0.517350 0.534872 0.802625 0.049093
10 0.364343 0.572101 0.496611 0.012273
10 0.516820 0.617921 0.805802 0.067912
10 0.258985 0.664151 0.283778 0.013092
8 0.213453 0.880510 0.196950 0.013910
5 0.516291 0.939422 0.148242 0.027001
