8 0.276312 0.122237 0.326444 0.014742
8 0.221198 0.149264 0.211977 0.014742
4 0.353153 0.176700 0.289348 0.013923
4 0.316587 0.196766 0.214096 0.013104
4 0.292740 0.216012 0.166402 0.015561
4 0.316587 0.235259 0.211977 0.011466
4 0.303869 0.254096 0.190779 0.014742
4 0.305458 0.272958 0.191839 0.011466
4 0.401378 0.293433 0.379438 0.014742
4 0.511606 0.310223 0.604134 0.013923
4 0.426815 0.331107 0.430313 0.013104
4 0.290620 0.350354 0.160042 0.013923
8 0.308108 0.390933 0.387917 0.013923
4 0.464441 0.417141 0.514043 0.015561
4 0.508956 0.437617 0.598834 0.013923
4 0.457552 0.456863 0.500265 0.013104
4 0.563010 0.485528 0.711182 0.031122
4 0.533333 0.513266 0.647589 0.014742
4 0.495707 0.533331 0.570217 0.013923
4 0.488288 0.552987 0.563858 0.013923
4 0.457552 0.571135 0.498145 0.013923
4 0.490938 0.590791 0.567038 0.013923
8 0.458612 0.646483 0.688924 0.013923
8 0.236566 0.695213 0.240594 0.014742
10 0.551881 0.730430 0.733439 0.032760
8 0.222258 0.785372 0.214096 0.014742
10 0.552411 0.829598 0.732379 0.050778
4 0.361102 0.875052 0.248013 0.017199
4 0.358983 0.892661 0.233174 0.014742
5 0.517435 0.940572 0.145204 0.027027
5 0.830101 0.921326 0.098569 0.018018
