6 0.484285 0.134526 0.753014 0.014672
10 0.289976 0.173908 0.359993 0.050193
10 0.288325 0.237228 0.361094 0.062548
10 0.287775 0.288580 0.359993 0.024710
10 0.286123 0.325645 0.363296 0.038610
10 0.284472 0.404024 0.364397 0.102703
10 0.283921 0.500675 0.363296 0.077220
10 0.281169 0.602992 0.362195 0.113514
10 0.281720 0.697565 0.358892 0.060232
10 0.279518 0.789843 0.361094 0.108880
10 0.297132 0.858955 0.323664 0.012355
10 0.894369 0.091141 0.031926 0.023938
10 0.682997 0.215466 0.357792 0.127413
10 0.678593 0.323960 0.359993 0.074131
10 0.681345 0.386894 0.363296 0.036293
10 0.680795 0.427049 0.362195 0.025483
10 0.697859 0.479381 0.328067 0.063320
10 0.697859 0.536523 0.323664 0.040154
10 0.677492 0.584918 0.364397 0.047104
10 0.676391 0.712799 0.362195 0.198456
10 0.676391 0.842915 0.362195 0.050965
