8 0.399020 0.101712 0.425285 0.013606
10 0.493151 0.127877 0.613549 0.030351
10 0.563581 0.172881 0.708358 0.030351
10 0.564935 0.210558 0.705649 0.030351
10 0.287958 0.239613 0.205871 0.015699
10 0.564258 0.274676 0.707003 0.032444
10 0.563581 0.312876 0.708358 0.031398
8 0.306920 0.363132 0.381944 0.015699
8 0.325881 0.387863 0.284427 0.013606
9 0.510759 0.558670 0.784205 0.320257
8 0.438975 0.749673 0.505196 0.013606
10 0.553423 0.777931 0.731383 0.032444
4 0.321141 0.814562 0.223478 0.015699
4 0.564258 0.843866 0.709712 0.032444
4 0.496537 0.871078 0.574271 0.013606
5 0.517531 0.913465 0.269528 0.027211
