8 0.459162 0.126914 0.568853 0.014652
10 0.547876 0.181860 0.743572 0.049190
10 0.546522 0.254598 0.740864 0.033491
8 0.318303 0.320010 0.406324 0.015699
10 0.545167 0.365537 0.743572 0.033491
10 0.547199 0.420694 0.742218 0.031398
10 0.547199 0.484536 0.742218 0.050236
8 0.201147 0.541575 0.172010 0.015699
10 0.546522 0.568263 0.740864 0.031398
10 0.479478 0.604894 0.541765 0.014652
10 0.564129 0.669259 0.708358 0.105706
10 0.546522 0.816770 0.740864 0.141290
5 0.517402 0.940791 0.254629 0.029305
