8 0.513882 0.103309 0.797046 0.015086
8 0.366611 0.121346 0.412529 0.014430
10 0.538923 0.214158 0.750361 0.143644
10 0.249898 0.296474 0.170614 0.013118
8 0.472290 0.341201 0.712164 0.012462
10 0.538074 0.404824 0.748663 0.085924
10 0.274089 0.458609 0.218997 0.015086
10 0.538498 0.506490 0.747814 0.030828
10 0.246078 0.533055 0.166370 0.013118
10 0.538074 0.569786 0.746965 0.048537
8 0.265601 0.633346 0.298786 0.013118
8 0.538498 0.734356 0.747814 0.158730
10 0.201091 0.825527 0.076394 0.014430
10 0.537225 0.869801 0.752058 0.013774
10 0.206183 0.887511 0.086580 0.012462
5 0.514307 0.941623 0.100161 0.022301
