10 0.551763 0.179132 0.721092 0.214374
10 0.533233 0.318638 0.753917 0.049911
10 0.534821 0.364848 0.752858 0.031092
10 0.545410 0.430526 0.731681 0.089186
10 0.545939 0.523803 0.730622 0.087549
10 0.376520 0.581487 0.398136 0.014728
10 0.400344 0.616862 0.439432 0.014728
10 0.560763 0.661864 0.698856 0.049093
10 0.562352 0.716524 0.695679 0.049911
10 0.562352 0.762754 0.693561 0.031092
10 0.561293 0.808983 0.695679 0.049911
10 0.533233 0.856031 0.756035 0.032729
10 0.533762 0.901442 0.754976 0.051548
5 0.499349 0.951762 0.086828 0.024547
