10 0.534332 0.095943 0.754408 0.048143
10 0.534332 0.160309 0.754408 0.065935
8 0.376543 0.216825 0.438830 0.032444
4 0.353518 0.251166 0.349438 0.016745
4 0.460517 0.272098 0.560727 0.016745
10 0.534332 0.336464 0.754408 0.068028
8 0.266836 0.410248 0.360274 0.016745
10 0.532978 0.517905 0.751699 0.177921
10 0.493700 0.618942 0.673143 0.014652
10 0.546522 0.655050 0.730028 0.032444
10 0.545167 0.693250 0.730028 0.031398
10 0.545845 0.730928 0.728674 0.033491
10 0.461194 0.759186 0.610840 0.014652
8 0.486250 0.811515 0.801812 0.014652
8 0.304759 0.837680 0.436121 0.014652
10 0.532978 0.891579 0.754408 0.070122
5 0.499117 0.951235 0.085328 0.024072
