8 0.266026 0.077891 0.209660 0.013774
8 0.240136 0.098224 0.186741 0.012462
10 0.410750 0.125773 0.507597 0.012462
4 0.248625 0.153649 0.139207 0.009183
4 0.319077 0.172014 0.276717 0.013118
4 0.275787 0.190708 0.195230 0.011150
10 0.291490 0.210057 0.269077 0.013118
9 0.521946 0.301123 0.731687 0.149547
10 0.533830 0.410734 0.753756 0.028860
10 0.292339 0.438282 0.272473 0.013118
10 0.309316 0.456648 0.306426 0.014430
10 0.268148 0.474029 0.224090 0.015086
10 0.369158 0.494035 0.424412 0.011806
10 0.260933 0.512728 0.204567 0.012462
10 0.350484 0.531421 0.383669 0.014430
8 0.263904 0.575393 0.353111 0.013118
10 0.535527 0.613435 0.757151 0.027548
10 0.290641 0.640000 0.194381 0.013774
10 0.381890 0.659021 0.451575 0.011151
4 0.544440 0.678371 0.730838 0.010495
10 0.319502 0.695096 0.209660 0.012462
4 0.383163 0.716085 0.404889 0.013774
8 0.218491 0.753144 0.262287 0.015742
8 0.500301 0.782004 0.830999 0.014430
8 0.268148 0.799714 0.227485 0.014430
4 0.508789 0.826636 0.705373 0.011806
4 0.534254 0.861399 0.754605 0.051161
10 0.225282 0.899114 0.070452 0.015086
5 0.497755 0.944044 0.089127 0.013118
5 0.499028 0.957818 0.056022 0.010495
5 0.860627 0.938469 0.101859 0.019021
