6 0.220786 0.185323 0.018962 0.014652
6 0.616274 0.185846 0.303388 0.009419
10 0.539072 0.235559 0.444247 0.041864
10 0.528914 0.281086 0.472690 0.028258
10 0.498440 0.309344 0.357565 0.013606
10 0.541104 0.353301 0.445602 0.057562
10 0.543136 0.407200 0.444247 0.023025
10 0.531623 0.473936 0.475399 0.090007
10 0.238393 0.451435 0.054177 0.038724
10 0.532300 0.549814 0.474044 0.042910
10 0.249905 0.548768 0.077202 0.038724
10 0.245842 0.646536 0.066366 0.124544
10 0.532978 0.648106 0.472690 0.136057
10 0.533655 0.752977 0.474044 0.060702
10 0.534332 0.805829 0.478108 0.030351
10 0.251260 0.807923 0.066366 0.026165
