6 0.489765 0.072081 0.755762 0.018913
10 0.487056 0.096643 0.753053 0.034538
10 0.485702 0.154206 0.753053 0.062496
10 0.484348 0.202723 0.753053 0.023025
10 0.482316 0.234382 0.751699 0.022203
10 0.497214 0.264089 0.673143 0.014802
10 0.508727 0.299552 0.698877 0.047695
10 0.386830 0.338612 0.455083 0.013979
10 0.478930 0.358759 0.742218 0.016446
10 0.478930 0.382817 0.753053 0.023847
10 0.478930 0.415710 0.755762 0.023847
10 0.366514 0.442024 0.533638 0.013979
10 0.498569 0.462993 0.686687 0.013157
10 0.504664 0.500437 0.696168 0.050162
10 0.382767 0.538675 0.452374 0.013157
10 0.476221 0.562934 0.753053 0.023847
10 0.459291 0.596649 0.721902 0.025492
10 0.473512 0.645484 0.750344 0.058385
10 0.474189 0.697766 0.754408 0.025492
10 0.766065 0.725725 0.170656 0.012335
10 0.699699 0.744227 0.300680 0.013157
10 0.215497 0.749983 0.193681 0.016446
