10 0.551262 0.127375 0.734091 0.068028
10 0.562775 0.191740 0.708358 0.033491
10 0.564129 0.229941 0.705649 0.032444
10 0.562097 0.266572 0.707003 0.032444
10 0.552617 0.353962 0.731383 0.085820
10 0.551262 0.474320 0.728674 0.104659
8 0.467966 0.565826 0.705649 0.014652
10 0.552617 0.615539 0.731383 0.032444
4 0.440878 0.652693 0.469981 0.014652
4 0.480833 0.673102 0.547183 0.015699
4 0.556680 0.691940 0.696168 0.015699
4 0.541104 0.710029 0.667725 0.014652
4 0.483542 0.729914 0.552600 0.014652
10 0.551262 0.813642 0.734091 0.104659
5 0.518079 0.914638 0.266819 0.030351
5 0.870226 0.935046 0.098872 0.018839
