8 0.219806 0.100225 0.207539 0.013910
10 0.517350 0.136226 0.800507 0.031911
7 0.485054 0.244606 0.735916 0.146461
10 0.252632 0.243787 0.131300 0.064639
10 0.485583 0.245833 0.156713 0.083458
10 0.718535 0.247878 0.150360 0.084277
10 0.269044 0.429322 0.178949 0.167735
10 0.520526 0.430141 0.129182 0.166099
10 0.750301 0.430550 0.122829 0.170190
7 0.516820 0.428913 0.752858 0.191463
8 0.239396 0.556146 0.250953 0.015546
10 0.516820 0.583557 0.799449 0.032729
10 0.326753 0.610149 0.421431 0.017183
4 0.294457 0.638602 0.170478 0.012273
4 0.346871 0.657830 0.273189 0.016364
4 0.319340 0.677058 0.218128 0.012273
4 0.432110 0.696695 0.445785 0.015546
8 0.281221 0.788406 0.328250 0.018001
10 0.517879 0.851409 0.801566 0.090004
5 0.515761 0.939776 0.068827 0.029456
5 0.911250 0.941413 0.099534 0.019637
