4 0.427996 0.076701 0.488140 0.013910
4 0.316285 0.095520 0.262600 0.013910
4 0.278695 0.114339 0.185303 0.013910
4 0.265989 0.133567 0.162007 0.013092
10 0.548178 0.160977 0.726386 0.033547
10 0.225752 0.187570 0.079415 0.014728
8 0.195044 0.214162 0.164125 0.013910
4 0.510059 0.241572 0.648030 0.011455
4 0.280813 0.259164 0.145065 0.015546
4 0.287166 0.278801 0.159890 0.012273
4 0.282401 0.297620 0.148242 0.013910
4 0.294578 0.318076 0.170478 0.013910
4 0.290343 0.337713 0.162007 0.012273
4 0.300931 0.356532 0.181067 0.013910
4 0.404701 0.375401 0.439432 0.015546
4 0.398348 0.395828 0.426725 0.013910
4 0.550296 0.413420 0.724269 0.013092
10 0.298284 0.431012 0.156713 0.013910
4 0.548708 0.449013 0.725327 0.012273
10 0.339580 0.469059 0.237187 0.014728
4 0.548708 0.485833 0.725327 0.013910
10 0.265989 0.505470 0.094240 0.012273
8 0.223634 0.540244 0.217069 0.014728
4 0.433290 0.568064 0.498729 0.013092
4 0.466645 0.584019 0.559085 0.015546
4 0.549237 0.605293 0.726386 0.013910
10 0.407878 0.623703 0.375900 0.013092
8 0.258047 0.659264 0.281660 0.012273
10 0.375582 0.686234 0.379076 0.013092
4 0.454997 0.711599 0.537907 0.013092
4 0.290343 0.732055 0.166243 0.016364
4 0.360758 0.751692 0.304955 0.013091
4 0.363405 0.769575 0.352604 0.013092
4 0.299873 0.788759 0.227658 0.012273
4 0.330050 0.806351 0.285895 0.014728
8 0.323697 0.844426 0.415078 0.013910
10 0.548708 0.889019 0.723210 0.052366
5 0.514294 0.942613 0.099534 0.022092
