10 0.546469 0.155443 0.746505 0.123551
10 0.425228 0.248310 0.501905 0.013092
4 0.438464 0.275312 0.458492 0.013091
4 0.486113 0.294540 0.549555 0.015546
10 0.545939 0.350588 0.743328 0.049093
4 0.561293 0.404999 0.708386 0.028638
4 0.352165 0.432001 0.285896 0.015546
8 0.166333 0.470364 0.104828 0.013092
10 0.515232 0.516660 0.802625 0.032729
8 0.308222 0.563754 0.386488 0.013091
10 0.545939 0.627984 0.741211 0.069549
8 0.319340 0.729111 0.402371 0.013910
10 0.546469 0.776977 0.744387 0.032729
10 0.289692 0.803569 0.228716 0.013910
10 0.546998 0.850208 0.743328 0.033547
10 0.314046 0.875981 0.275307 0.013091
5 0.515761 0.939393 0.250953 0.028638
