10 0.549478 0.095736 0.724960 0.049140
8 0.214555 0.159618 0.197138 0.014742
10 0.548948 0.194016 0.723900 0.031122
9 0.498604 0.268545 0.557499 0.096642
8 0.211905 0.352492 0.193959 0.013923
10 0.524041 0.379187 0.678325 0.013923
4 0.373007 0.406623 0.329624 0.013104
4 0.313654 0.424232 0.210917 0.015561
4 0.274968 0.443478 0.129306 0.014742
8 0.254300 0.481153 0.274510 0.014742
10 0.518741 0.506951 0.665607 0.013923
4 0.367708 0.533978 0.316905 0.015561
4 0.290866 0.553634 0.161102 0.015561
4 0.413813 0.572725 0.406995 0.013104
4 0.347040 0.591153 0.273450 0.013923
4 0.360289 0.611218 0.302067 0.014742
4 0.326372 0.630055 0.234234 0.014742
10 0.513442 0.650482 0.657128 0.013104
8 0.207136 0.693480 0.182300 0.013923
10 0.393675 0.719278 0.417594 0.014742
4 0.290336 0.746715 0.164282 0.013923
4 0.293516 0.765257 0.172761 0.013923
4 0.414343 0.785732 0.408055 0.015561
4 0.365588 0.803750 0.310546 0.013923
4 0.513442 0.823815 0.606253 0.014742
4 0.304645 0.843062 0.192899 0.015561
4 0.462038 0.861899 0.505564 0.013923
4 0.358169 0.881964 0.295707 0.014742
4 0.410633 0.901211 0.402756 0.015561
5 0.515032 0.942570 0.096449 0.024570
