10 0.549762 0.087495 0.724960 0.028665
10 0.514785 0.132130 0.797032 0.031122
10 0.380710 0.167347 0.393217 0.013104
4 0.363752 0.184956 0.261791 0.015561
4 0.378590 0.202564 0.289348 0.016380
4 0.478219 0.222220 0.486486 0.014742
10 0.548702 0.240576 0.727080 0.014742
8 0.296449 0.292173 0.360360 0.013104
10 0.549762 0.340430 0.724960 0.052416
10 0.549232 0.417196 0.721781 0.084357
10 0.548172 0.482307 0.723900 0.027846
4 0.526444 0.517524 0.678325 0.013104
4 0.282671 0.536361 0.190779 0.011466
8 0.312878 0.573216 0.393217 0.014742
10 0.549232 0.608490 0.723900 0.031122
8 0.355803 0.662184 0.481187 0.013104
10 0.548702 0.715828 0.724960 0.067977
8 0.398198 0.769473 0.561738 0.013104
10 0.548172 0.823527 0.721781 0.065520
5 0.513725 0.942691 0.097509 0.023751
