10 0.553294 0.165652 0.732737 0.141290
8 0.230266 0.275021 0.232959 0.014652
10 0.552617 0.355609 0.731383 0.123498
8 0.222817 0.455035 0.215352 0.014652
10 0.551939 0.509981 0.732737 0.068028
8 0.237039 0.583242 0.243794 0.015699
10 0.551939 0.654483 0.732737 0.105706
8 0.266836 0.745181 0.306097 0.013606
10 0.551939 0.781289 0.730028 0.035584
8 0.264804 0.835188 0.299325 0.015699
8 0.237716 0.861353 0.104290 0.015699
10 0.551262 0.888564 0.731383 0.032444
5 0.517402 0.940370 0.148985 0.029305
