10 0.547527 0.087050 0.733798 0.029456
10 0.534292 0.143165 0.756035 0.032729
10 0.207100 0.170575 0.099534 0.013910
4 0.563410 0.197866 0.699915 0.013910
10 0.322517 0.216685 0.148242 0.013910
4 0.483995 0.235095 0.541084 0.013092
4 0.562352 0.252687 0.697797 0.010637
10 0.272221 0.271506 0.047649 0.010637
4 0.558646 0.289916 0.686149 0.013091
4 0.414110 0.307917 0.399195 0.011455
4 0.438464 0.327145 0.450021 0.012273
4 0.508349 0.345555 0.587674 0.013091
4 0.564999 0.363965 0.700973 0.012273
10 0.287045 0.381147 0.075180 0.012273
4 0.538527 0.401603 0.650148 0.010637
10 0.533762 0.454862 0.757094 0.049911
10 0.533233 0.537494 0.753917 0.048275
10 0.534292 0.611460 0.753917 0.050730
10 0.237807 0.647462 0.093181 0.014728
8 0.265338 0.686037 0.357899 0.013910
10 0.535350 0.711811 0.756035 0.014728
10 0.180628 0.731039 0.048708 0.012273
10 0.533762 0.830393 0.757094 0.162007
5 0.499878 0.951080 0.085769 0.025365
