10 0.551763 0.110717 0.731681 0.031911
10 0.311928 0.137310 0.254129 0.014728
8 0.380755 0.156538 0.387547 0.015546
10 0.553351 0.184766 0.732740 0.032729
10 0.378637 0.212177 0.383312 0.015546
10 0.553351 0.257886 0.732740 0.071185
10 0.431581 0.303707 0.489199 0.013910
8 0.398756 0.341423 0.425667 0.015546
10 0.407756 0.358793 0.445785 0.014728
10 0.551763 0.376794 0.731681 0.011455
10 0.298163 0.396840 0.232952 0.015546
10 0.552822 0.434887 0.733798 0.054002
8 0.474465 0.478573 0.716857 0.017183
8 0.237278 0.526767 0.100593 0.015546
10 0.551233 0.572587 0.732740 0.069549
8 0.382343 0.618816 0.390724 0.014728
10 0.551763 0.656045 0.735916 0.051548
10 0.347401 0.692456 0.325074 0.016364
10 0.551763 0.711684 0.733798 0.013910
10 0.366460 0.729298 0.361075 0.013091
8 0.399285 0.746889 0.424608 0.017183
10 0.550704 0.765709 0.729563 0.013910
8 0.297634 0.811120 0.361075 0.013092
8 0.237399 0.838386 0.098475 0.013092
5 0.518000 0.914481 0.267895 0.027819
