8 0.206359 0.077206 0.180180 0.014742
8 0.329836 0.102595 0.278749 0.014742
4 0.372761 0.130851 0.330684 0.013923
4 0.559830 0.159925 0.704822 0.032760
4 0.560360 0.198009 0.701643 0.030303
4 0.322417 0.226264 0.227875 0.016380
4 0.340435 0.245511 0.261791 0.012285
4 0.350503 0.265167 0.284049 0.013923
4 0.255644 0.284004 0.092210 0.013923
4 0.391839 0.303851 0.366720 0.013923
4 0.320827 0.323098 0.222576 0.013104
4 0.255114 0.341398 0.093270 0.013104
4 0.561420 0.380300 0.701643 0.049959
4 0.515845 0.417155 0.614732 0.013923
4 0.560360 0.446230 0.701643 0.034398
10 0.547112 0.499903 0.730260 0.033579
10 0.548172 0.537577 0.723900 0.030303
10 0.548172 0.575251 0.723900 0.030303
8 0.361632 0.609028 0.494966 0.014742
10 0.549762 0.654892 0.724960 0.049140
10 0.549232 0.699528 0.723900 0.033579
10 0.560890 0.747030 0.702703 0.049959
10 0.560360 0.794532 0.701643 0.031941
10 0.548172 0.833025 0.726020 0.030303
5 0.513726 0.941952 0.101749 0.023751
