10 0.546998 0.087277 0.732740 0.033547
10 0.237807 0.116733 0.046590 0.013910
10 0.421522 0.134734 0.481787 0.012273
10 0.447464 0.153144 0.584497 0.013092
10 0.532703 0.190466 0.754976 0.014728
10 0.384991 0.208876 0.457433 0.015546
10 0.535350 0.264106 0.756035 0.088368
10 0.369107 0.319745 0.421431 0.016364
10 0.534821 0.339382 0.754976 0.016364
10 0.245219 0.356974 0.182126 0.013910
4 0.545939 0.383157 0.732740 0.013910
10 0.259514 0.401567 0.090004 0.013091
4 0.379167 0.422431 0.403430 0.013910
10 0.533762 0.486166 0.754976 0.105550
10 0.287045 0.551624 0.259424 0.013910
10 0.532174 0.587644 0.756035 0.014728
10 0.403521 0.607075 0.490258 0.013910
10 0.479760 0.624258 0.644853 0.013910
10 0.534821 0.661487 0.754976 0.052366
10 0.536409 0.735377 0.753917 0.086731
10 0.343695 0.789789 0.372723 0.013910
10 0.534821 0.817913 0.754976 0.033547
10 0.359048 0.846142 0.405548 0.014728
10 0.499349 0.892500 0.688267 0.032729
5 0.499349 0.952230 0.086828 0.024547
