10 0.552943 0.137882 0.731681 0.085913
8 0.234223 0.194339 0.096357 0.015546
8 0.266518 0.211112 0.160949 0.014728
10 0.393583 0.229522 0.417196 0.015546
4 0.563532 0.257342 0.710503 0.015546
10 0.253282 0.276570 0.020119 0.013092
4 0.321579 0.294980 0.222363 0.013910
10 0.552943 0.340391 0.731681 0.068730
10 0.256988 0.387030 0.141889 0.014728
10 0.567767 0.469323 0.697797 0.087613
10 0.381406 0.524175 0.325074 0.015546
8 0.354934 0.580159 0.342016 0.014728
8 0.346463 0.411606 0.327191 0.014728
10 0.568826 0.643915 0.699915 0.106369
10 0.396759 0.708554 0.351546 0.014728
8 0.199809 0.754010 0.169420 0.013091
8 0.450232 0.780193 0.519906 0.014728
10 0.554002 0.854242 0.729563 0.120278
5 0.516941 0.940564 0.147183 0.026183
