6 0.485025 0.182319 0.551246 0.018839
11 0.523626 0.218949 0.108353 0.014652
8 0.524980 0.249824 0.116479 0.015699
10 0.243939 0.291164 0.063657 0.050236
10 0.524303 0.316806 0.467272 0.103613
10 0.244617 0.394777 0.067721 0.025118
10 0.523626 0.392684 0.471335 0.029305
10 0.538524 0.430774 0.441538 0.027211
10 0.537170 0.483104 0.441538 0.056516
10 0.524303 0.565953 0.469981 0.086867
10 0.524980 0.664856 0.468627 0.087914
10 0.527012 0.798819 0.475399 0.046050
10 0.239199 0.547114 0.059594 0.053376
10 0.248003 0.688927 0.071784 0.136057
10 0.237167 0.795679 0.044696 0.037677
