10 0.547326 0.136665 0.745098 0.085995
10 0.517119 0.229213 0.801272 0.049959
8 0.258508 0.286952 0.284049 0.016380
10 0.516059 0.340597 0.801272 0.049959
10 0.546266 0.413494 0.734499 0.049959
10 0.531428 0.469596 0.715421 0.014742
10 0.545736 0.517098 0.739799 0.032760
10 0.544676 0.572380 0.741918 0.031941
10 0.548386 0.636180 0.740859 0.050778
10 0.545206 0.701149 0.742978 0.033579
10 0.546266 0.757211 0.740859 0.030303
10 0.545206 0.811067 0.740859 0.031941
10 0.544146 0.855702 0.740858 0.031122
10 0.546266 0.892557 0.742978 0.034398
5 0.516589 0.939650 0.255432 0.028665
