10 0.551391 0.127638 0.732737 0.069075
8 0.381412 0.173688 0.390071 0.014652
10 0.551391 0.201946 0.732737 0.031398
8 0.399020 0.229681 0.427994 0.015699
10 0.398342 0.248519 0.426640 0.013606
8 0.319786 0.292476 0.410387 0.013606
8 0.235813 0.319164 0.101581 0.016745
10 0.550714 0.355795 0.731383 0.050236
8 0.380735 0.392425 0.391425 0.014652
10 0.552068 0.439522 0.734092 0.069075
8 0.399020 0.486095 0.430703 0.017792
10 0.550714 0.512783 0.731383 0.031398
8 0.325204 0.571456 0.421222 0.016745
8 0.237167 0.596574 0.106999 0.014652
10 0.550714 0.642624 0.731383 0.069075
8 0.382089 0.688151 0.391425 0.015699
10 0.551391 0.715885 0.732737 0.031398
8 0.397665 0.744666 0.427994 0.015699
10 0.468772 0.762982 0.564790 0.014652
8 0.517531 0.816358 0.803167 0.031398
8 0.235813 0.852465 0.101581 0.013606
5 0.517531 0.913691 0.269528 0.027211
