8 0.260741 0.101062 0.288490 0.012559
8 0.242456 0.161764 0.254630 0.016745
8 0.175413 0.188976 0.120543 0.014652
10 0.549908 0.232409 0.731383 0.051283
8 0.249228 0.276889 0.270882 0.014652
10 0.523497 0.304101 0.673143 0.014652
4 0.391442 0.329219 0.411741 0.012559
4 0.485573 0.347011 0.597296 0.014652
4 0.550585 0.375269 0.730028 0.031398
4 0.475415 0.404050 0.576980 0.013606
8 0.209950 0.452194 0.186909 0.015699
10 0.552617 0.495627 0.734091 0.050236
8 0.256000 0.541677 0.279009 0.014652
10 0.562097 0.623311 0.712421 0.123498
10 0.561420 0.705992 0.708358 0.031398
10 0.434783 0.734773 0.452374 0.017792
8 0.254646 0.783963 0.276300 0.015699
10 0.551939 0.827397 0.730028 0.050236
8 0.253291 0.902751 0.135441 0.014652
5 0.516725 0.940428 0.150340 0.029305
5 0.866840 0.928916 0.097518 0.014652
