8 0.483542 0.101885 0.734092 0.015699
10 0.520788 0.128050 0.670434 0.013606
4 0.352841 0.153692 0.288490 0.016745
4 0.366385 0.174623 0.312869 0.016745
4 0.362999 0.194509 0.303388 0.016745
8 0.278348 0.236467 0.326413 0.016745
10 0.551939 0.280424 0.732737 0.050236
8 0.293247 0.354732 0.358919 0.014652
10 0.551262 0.400024 0.731383 0.050236
10 0.551262 0.464390 0.728674 0.068028
10 0.551939 0.536800 0.730028 0.068028
10 0.551939 0.601688 0.730028 0.049190
8 0.287152 0.677043 0.346730 0.015699
10 0.551262 0.711241 0.731383 0.030351
10 0.551939 0.757291 0.732737 0.049190
8 0.327784 0.814331 0.287135 0.014652
10 0.550585 0.858870 0.730028 0.068028
5 0.517402 0.941028 0.146277 0.027211
5 0.837043 0.933178 0.100227 0.019885
