11 0.513196 0.129046 0.609433 0.018018
8 0.192051 0.165714 0.157923 0.014742
10 0.517435 0.211488 0.802332 0.049959
10 0.517435 0.268818 0.802332 0.049959
10 0.517435 0.313863 0.802332 0.030303
10 0.397138 0.360956 0.565978 0.014742
8 0.262533 0.386754 0.154743 0.013923
4 0.387069 0.412553 0.355061 0.014742
4 0.348384 0.431390 0.277689 0.014742
8 0.268892 0.469977 0.167462 0.015561
4 0.502067 0.496185 0.591415 0.013923
4 0.453312 0.515116 0.491786 0.013923
4 0.459141 0.536410 0.499205 0.013923
4 0.455962 0.554428 0.490726 0.013923
4 0.438474 0.575723 0.459989 0.012285
4 0.498887 0.592922 0.576577 0.013923
4 0.453312 0.612578 0.487546 0.015561
8 0.244515 0.649071 0.120827 0.013923
4 0.330896 0.675154 0.249073 0.016380
4 0.341494 0.694401 0.270270 0.013923
4 0.366932 0.713647 0.312666 0.013104
4 0.300689 0.734532 0.186539 0.013923
4 0.406677 0.752141 0.396396 0.013104
4 0.303339 0.770978 0.191839 0.018018
4 0.345734 0.792272 0.274510 0.013104
4 0.376471 0.811518 0.335983 0.013923
4 0.339375 0.829536 0.257552 0.015561
4 0.397138 0.850011 0.370959 0.013923
4 0.384950 0.868029 0.352941 0.013923
5 0.517965 0.914712 0.269210 0.027027
5 0.829041 0.939692 0.100689 0.018018
