10 0.533762 0.087061 0.757094 0.028638
8 0.271162 0.122245 0.371664 0.012273
8 0.183275 0.148019 0.193774 0.013092
10 0.534292 0.193021 0.756035 0.050730
10 0.296045 0.229022 0.285895 0.013092
4 0.354283 0.257660 0.396018 0.013091
4 0.534821 0.275661 0.754976 0.016364
10 0.237807 0.292844 0.093181 0.014728
4 0.534292 0.312890 0.753917 0.012273
10 0.207629 0.329254 0.037061 0.015546
4 0.533762 0.358710 0.754976 0.031911
10 0.205512 0.386939 0.026472 0.014728
8 0.203394 0.404244 0.227658 0.012273
10 0.535350 0.439060 0.753917 0.031092
4 0.534821 0.475216 0.752858 0.011455
10 0.219277 0.492399 0.056120 0.013092
4 0.422580 0.510809 0.534730 0.013910
4 0.344753 0.529628 0.374841 0.013910
4 0.535350 0.577085 0.753917 0.069549
4 0.534292 0.632314 0.756035 0.031092
4 0.533762 0.669134 0.752858 0.032729
10 0.316693 0.715658 0.316603 0.013910
4 0.531115 0.742250 0.751799 0.013092
4 0.436875 0.759024 0.561202 0.015546
4 0.534821 0.779070 0.754976 0.013092
10 0.352165 0.796662 0.321897 0.012273
4 0.533233 0.825299 0.756035 0.030274
10 0.533762 0.871120 0.754976 0.049911
5 0.497231 0.951714 0.078357 0.026183
