8 0.212924 0.100183 0.193774 0.013910
10 0.552822 0.202460 0.733798 0.159553
10 0.281750 0.294101 0.119653 0.013910
10 0.552822 0.335421 0.733798 0.013092
10 0.364343 0.352603 0.284837 0.016364
4 0.347401 0.374644 0.278483 0.014728
4 0.333635 0.393872 0.246717 0.013910
4 0.326223 0.411873 0.231893 0.012273
4 0.310340 0.431510 0.200127 0.012273
4 0.374402 0.449920 0.334604 0.011455
4 0.314576 0.469148 0.208598 0.012273
10 0.552822 0.526432 0.733798 0.031092
10 0.355342 0.553434 0.271071 0.013091
4 0.352165 0.573480 0.288013 0.013910
4 0.491937 0.592873 0.563320 0.013092
4 0.579823 0.620283 0.673443 0.030274
4 0.432110 0.650148 0.378017 0.009819
4 0.531115 0.667740 0.643794 0.012273
4 0.563411 0.687377 0.708386 0.010637
10 0.325694 0.706196 0.163066 0.015546
10 0.519467 0.762653 0.667089 0.013910
4 0.496172 0.781473 0.578144 0.013910
4 0.275397 0.799882 0.132359 0.011455
4 0.269573 0.821156 0.118594 0.011455
4 0.442699 0.839975 0.469080 0.013091
4 0.543821 0.859203 0.667089 0.015546
5 0.516820 0.941131 0.145065 0.025365
5 0.858836 0.930494 0.098475 0.018819
