10 0.546052 0.109810 0.742978 0.030303
10 0.546052 0.173959 0.745098 0.049140
10 0.565660 0.265687 0.710122 0.067158
10 0.564070 0.321789 0.706942 0.030303
10 0.563010 0.369620 0.711182 0.050778
8 0.222787 0.423948 0.217276 0.014742
8 0.294860 0.444014 0.359300 0.015561
10 0.546582 0.489927 0.746158 0.032760
10 0.544992 0.572237 0.745098 0.085995
10 0.547642 0.657003 0.744038 0.031122
8 0.251934 0.700820 0.271330 0.012285
10 0.538103 0.738904 0.724960 0.013104
8 0.377001 0.784358 0.464229 0.013923
10 0.546582 0.856430 0.741918 0.067977
5 0.516905 0.939968 0.252252 0.028665
