10 0.546522 0.095009 0.730028 0.051283
10 0.544490 0.152048 0.731383 0.050236
10 0.546522 0.219030 0.730028 0.069075
10 0.535009 0.373402 0.753053 0.178967
10 0.366385 0.496352 0.372463 0.015699
10 0.534332 0.550764 0.754408 0.085821
10 0.546522 0.622979 0.732737 0.032444
10 0.535009 0.661000 0.753053 0.029305
4 0.522820 0.697108 0.623030 0.013606
4 0.493700 0.714377 0.562081 0.014652
4 0.397536 0.733215 0.364337 0.014652
4 0.418659 0.752578 0.404969 0.014652
4 0.432880 0.771417 0.436121 0.012559
4 0.450487 0.789732 0.471335 0.013606
4 0.563581 0.816420 0.697522 0.029305
10 0.533784 0.880993 0.757117 0.051283
5 0.499923 0.952161 0.085328 0.026165
