8 0.515315 0.110109 0.793853 0.033579
10 0.537573 0.165391 0.749338 0.049140
8 0.512666 0.236045 0.794913 0.031122
10 0.536513 0.336418 0.747218 0.140868
8 0.451722 0.445319 0.668786 0.013923
10 0.538103 0.480979 0.750397 0.031941
8 0.513196 0.549775 0.793853 0.031941
10 0.537043 0.632281 0.746158 0.105651
8 0.312878 0.722007 0.391097 0.012285
10 0.537043 0.757819 0.746158 0.031941
8 0.515845 0.836041 0.792793 0.031941
10 0.537573 0.890505 0.751457 0.049140
5 0.514785 0.942511 0.099629 0.025389
