10 0.544992 0.110326 0.740859 0.032760
10 0.547112 0.174428 0.742978 0.049959
10 0.516375 0.258375 0.802332 0.070434
10 0.517965 0.333617 0.801272 0.034398
8 0.204769 0.396734 0.177001 0.014742
10 0.517965 0.471526 0.803392 0.088452
8 0.163434 0.564073 0.094330 0.013104
10 0.547112 0.618946 0.745098 0.052416
8 0.308638 0.673819 0.386857 0.014742
10 0.546052 0.738111 0.745098 0.069615
8 0.202650 0.803441 0.172761 0.012285
10 0.547642 0.868552 0.741918 0.068796
5 0.516905 0.940624 0.250132 0.026208
