10 0.550037 0.096218 0.727319 0.050236
10 0.514822 0.196167 0.795040 0.122451
10 0.514822 0.286743 0.795040 0.031398
10 0.514822 0.330700 0.795040 0.033491
8 0.355678 0.393495 0.479462 0.016745
10 0.341457 0.419137 0.456437 0.015699
4 0.258161 0.446871 0.151694 0.012559
4 0.316400 0.464140 0.262756 0.015699
4 0.361096 0.483502 0.346730 0.014652
4 0.287281 0.501817 0.204516 0.013606
4 0.277122 0.521179 0.181491 0.012559
10 0.514145 0.582658 0.796394 0.050236
10 0.514145 0.638128 0.793686 0.031398
10 0.504664 0.672665 0.652827 0.012559
10 0.549359 0.708249 0.725965 0.031398
10 0.406469 0.734937 0.437475 0.013606
10 0.512790 0.754299 0.652827 0.014652
10 0.548005 0.781989 0.723256 0.033491
10 0.399020 0.809724 0.422577 0.013606
10 0.523626 0.846878 0.674497 0.012559
4 0.474867 0.874089 0.582397 0.014652
4 0.405792 0.891882 0.441538 0.012559
4 0.486379 0.910720 0.605422 0.014652
5 0.877804 0.945781 0.101581 0.017792
5 0.514822 0.942641 0.098872 0.024072
