6 0.499417 0.186069 0.545840 0.011466
10 0.461791 0.236437 0.474828 0.046683
10 0.481929 0.281892 0.432432 0.029484
4 0.463911 0.312195 0.345522 0.014742
10 0.494118 0.342908 0.408055 0.028665
10 0.741070 0.249951 0.058294 0.058968
10 0.481399 0.401305 0.435612 0.043407
10 0.479279 0.461979 0.439852 0.028665
10 0.478749 0.513166 0.436672 0.026208
10 0.494118 0.588602 0.408055 0.075348
10 0.483519 0.674188 0.435612 0.058149
10 0.478219 0.745031 0.435612 0.040950
10 0.478219 0.805228 0.441971 0.027027
