6 0.482187 0.071183 0.750344 0.014802
8 0.481510 0.092974 0.746281 0.027137
9 0.475415 0.219201 0.736800 0.222027
8 0.180153 0.348305 0.159821 0.011513
10 0.256000 0.367630 0.260047 0.015624
10 0.486928 0.397644 0.719193 0.037827
10 0.465934 0.428893 0.679915 0.018091
10 0.278348 0.446984 0.302034 0.013157
10 0.204533 0.464664 0.108353 0.012335
10 0.671805 0.468775 0.146277 0.010690
10 0.248551 0.488922 0.302034 0.023025
10 0.693475 0.486455 0.306097 0.014802
10 0.472706 0.514414 0.167947 0.013157
10 0.471352 0.533739 0.300680 0.015624
10 0.469997 0.560875 0.747636 0.038649
10 0.415821 0.593357 0.639283 0.016446
5 0.465934 0.745487 0.533638 0.023025
