6 0.472877 0.068293 0.743328 0.012858
10 0.470759 0.091436 0.741211 0.023144
10 0.471818 0.126152 0.741211 0.033430
10 0.471289 0.173083 0.740152 0.045002
10 0.470759 0.220398 0.741211 0.034073
10 0.353754 0.249971 0.507200 0.009643
10 0.472877 0.272373 0.743328 0.021215
10 0.123979 0.291338 0.041296 0.010286
9 0.473936 0.372663 0.741211 0.144650
10 0.245219 0.453711 0.283778 0.011572
10 0.378108 0.470197 0.496611 0.010286
4 0.240984 0.482733 0.169420 0.009643
4 0.206571 0.494948 0.098475 0.010929
4 0.230925 0.507484 0.145065 0.010286
4 0.201806 0.519056 0.084710 0.009000
4 0.212394 0.530949 0.110123 0.009643
4 0.217159 0.542200 0.113299 0.009000
4 0.222983 0.553129 0.124947 0.011572
4 0.223513 0.565772 0.126006 0.009000
4 0.211865 0.577666 0.102711 0.008358
4 0.246808 0.589238 0.174714 0.009643
4 0.230925 0.601453 0.142948 0.010929
4 0.215571 0.614632 0.105887 0.010286
4 0.213453 0.626204 0.103769 0.010286
4 0.224042 0.638097 0.127065 0.009643
4 0.230925 0.650633 0.138712 0.011572
4 0.227748 0.662848 0.130241 0.010286
4 0.237807 0.675063 0.152478 0.010286
4 0.234101 0.686956 0.149301 0.009643
4 0.230395 0.698528 0.141889 0.010929
4 0.273809 0.710422 0.224481 0.010286
4 0.244161 0.721994 0.165184 0.010286
4 0.227219 0.733566 0.124947 0.009000
4 0.230925 0.745781 0.134477 0.010286
10 0.236219 0.774068 0.155654 0.019287
