10 0.562904 0.109784 0.704294 0.029305
4 0.442361 0.138566 0.465918 0.013606
4 0.434234 0.158974 0.446956 0.012559
4 0.488411 0.177813 0.552600 0.014652
10 0.345520 0.218107 0.318287 0.013606
10 0.551391 0.282472 0.730028 0.104659
10 0.552068 0.356257 0.734092 0.030351
9 0.553423 0.448880 0.725965 0.094193
10 0.414595 0.524504 0.459146 0.013606
9 0.479607 0.605615 0.589169 0.110939
10 0.552068 0.680970 0.731383 0.031398
8 0.282540 0.734869 0.338603 0.015699
10 0.550037 0.779349 0.730028 0.050236
10 0.564258 0.833772 0.709712 0.031398
10 0.562226 0.862553 0.705649 0.015699
10 0.272382 0.881392 0.174719 0.013606
5 0.517531 0.913313 0.269528 0.027211
