10 0.715395 0.606740 0.404027 0.118985
10 0.284695 0.343990 0.403492 0.145252
10 0.715618 0.868315 0.404051 0.101795
4 0.716839 0.442482 0.403164 0.107884
10 0.284667 0.179463 0.403632 0.070077
4 0.285252 0.751633 0.402486 0.070272
4 0.716171 0.329899 0.402717 0.069773
4 0.285039 0.657488 0.401695 0.069101
10 0.715188 0.741460 0.403857 0.065803
4 0.716068 0.170845 0.402505 0.051034
4 0.284986 0.573357 0.401686 0.049989
4 0.716193 0.245430 0.402398 0.050876
4 0.284939 0.891136 0.401784 0.050365
4 0.285193 0.826771 0.402221 0.032318
10 0.284521 0.508957 0.402993 0.032699
8 0.249733 0.454945 0.334995 0.033724
7 0.112806 0.051151 0.092391 0.072720
8 0.679330 0.686797 0.330203 0.015618
8 0.709149 0.524381 0.389328 0.015805
8 0.201940 0.243959 0.239404 0.016478
8 0.145824 0.119711 0.125617 0.015220
8 0.664948 0.794417 0.300884 0.014026
6 0.805494 0.051644 0.267595 0.038923
8 0.805494 0.051644 0.267595 0.038923
5 0.499302 0.967524 0.030259 0.021583
