10 0.714857 0.560375 0.404225 0.172849
10 0.284134 0.641723 0.403876 0.102809
10 0.284145 0.407883 0.404400 0.120135
10 0.714942 0.699980 0.404676 0.085036
10 0.284400 0.244547 0.404377 0.117452
10 0.714796 0.282652 0.404404 0.067191
9 0.499743 0.853491 0.835664 0.169712
10 0.283963 0.542768 0.403538 0.065726
10 0.715074 0.382033 0.404214 0.049850
10 0.714948 0.147212 0.403803 0.049194
10 0.284005 0.145600 0.403916 0.046169
10 0.714702 0.210424 0.403947 0.049448
8 0.714695 0.443356 0.402495 0.034267
8 0.634110 0.335865 0.239549 0.017108
7 0.890365 0.050802 0.091659 0.071683
8 0.155606 0.488135 0.143935 0.016674
8 0.224511 0.324261 0.282374 0.013100
0 0.499495 0.760142 0.060767 0.011635
6 0.185373 0.051157 0.252283 0.037393
5 0.499257 0.963854 0.020981 0.011678
