10 0.499549 0.721365 0.835544 0.083338
9 0.499484 0.380529 0.836412 0.130169
10 0.499881 0.855113 0.836499 0.048466
10 0.499831 0.217514 0.835854 0.094989
10 0.499507 0.507964 0.835515 0.047899
7 0.112665 0.051070 0.091862 0.072696
10 0.368497 0.631875 0.563294 0.012994
8 0.175738 0.460971 0.186441 0.011300
8 0.151840 0.656376 0.137169 0.011523
8 0.118442 0.603858 0.070132 0.011455
8 0.118997 0.809280 0.072511 0.014650
8 0.162102 0.151815 0.157919 0.011570
10 0.266187 0.280960 0.367654 0.013112
8 0.234006 0.782968 0.302450 0.014830
8 0.259112 0.578278 0.352511 0.014635
8 0.359467 0.551637 0.554590 0.014628
6 0.805217 0.051052 0.267637 0.039561
8 0.142969 0.125586 0.121317 0.011519
5 0.499771 0.977771 0.071922 0.045091
8 0.841037 0.306637 0.151091 0.014506
10 0.841037 0.306637 0.151091 0.014506
