10 0.637869 0.302352 0.475783 0.202048
10 0.352192 0.682093 0.475511 0.186503
10 0.351868 0.844584 0.474877 0.121492
7 0.773221 0.667024 0.286272 0.259645
7 0.238393 0.240761 0.286805 0.269613
7 0.890238 0.050751 0.091812 0.071735
0 0.747764 0.826955 0.223639 0.043313
0 0.237115 0.406645 0.268858 0.044227
7 0.319076 0.485209 0.097676 0.055532
7 0.675445 0.916369 0.097814 0.055427
6 0.185323 0.051049 0.252558 0.037176
7 0.858233 0.126995 0.102140 0.055476
7 0.151487 0.558005 0.097796 0.055353
5 0.499302 0.964376 0.020948 0.015288
