10 0.284640 0.599312 0.403110 0.190165
10 0.284626 0.232857 0.403337 0.154638
10 0.284515 0.829701 0.403547 0.136352
10 0.284797 0.366928 0.403209 0.083314
10 0.715203 0.163242 0.403832 0.083618
10 0.715310 0.494929 0.403880 0.083058
10 0.715347 0.612434 0.403752 0.065860
10 0.716211 0.892581 0.404928 0.048622
10 0.715405 0.244244 0.403203 0.047711
4 0.716473 0.374594 0.403578 0.048003
4 0.715928 0.425757 0.402167 0.031132
4 0.715912 0.297995 0.401958 0.030579
8 0.284079 0.730653 0.402389 0.033750
4 0.611877 0.331999 0.193907 0.013435
7 0.112790 0.051258 0.092288 0.072726
10 0.284625 0.456545 0.403215 0.066248
4 0.644838 0.846327 0.261244 0.013660
8 0.253328 0.129401 0.341402 0.016353
4 0.590110 0.744719 0.150548 0.013602
8 0.654939 0.557218 0.283319 0.015604
4 0.572870 0.664833 0.116973 0.013875
4 0.572025 0.724989 0.115090 0.013555
4 0.577618 0.685105 0.126069 0.013741
4 0.586858 0.764880 0.145235 0.013958
4 0.581068 0.823959 0.133288 0.011382
4 0.614454 0.804672 0.200051 0.012222
4 0.580791 0.784057 0.132710 0.011729
4 0.573689 0.703972 0.118156 0.012028
5 0.499397 0.965262 0.020775 0.012430
6 0.805473 0.051660 0.267619 0.038847
8 0.805473 0.051660 0.267619 0.038847
