10 0.499376 0.173551 0.835186 0.070013
10 0.500071 0.325249 0.836258 0.055836
10 0.500127 0.518610 0.836408 0.056416
9 0.498614 0.850705 0.836639 0.173980
10 0.499566 0.265656 0.835397 0.039395
10 0.499642 0.580814 0.835459 0.044310
9 0.499432 0.671971 0.835475 0.100183
10 0.499751 0.414380 0.835408 0.043421
8 0.194704 0.472583 0.224249 0.014735
7 0.890245 0.050787 0.091435 0.071615
8 0.158414 0.120921 0.151900 0.014880
8 0.150593 0.226884 0.136863 0.011755
10 0.381250 0.445492 0.597345 0.013002
8 0.327072 0.371941 0.490021 0.011743
8 0.841076 0.754616 0.150860 0.013864
6 0.185329 0.051104 0.252308 0.037385
5 0.499765 0.978082 0.071473 0.045439
8 0.834802 0.612260 0.150550 0.013532
