10 0.285030 0.230745 0.402283 0.144484
10 0.285299 0.541957 0.401867 0.280347
10 0.714523 0.803070 0.404608 0.131244
10 0.714290 0.683310 0.404236 0.080398
4 0.715313 0.301422 0.403469 0.062639
4 0.715225 0.392693 0.402314 0.080549
4 0.715278 0.144272 0.401763 0.046576
4 0.715428 0.218597 0.401850 0.062529
4 0.285479 0.850156 0.399606 0.075878
4 0.285668 0.769371 0.400105 0.047313
10 0.284780 0.353229 0.401491 0.046381
10 0.285006 0.710920 0.400813 0.030490
8 0.198125 0.127997 0.226322 0.013773
8 0.572704 0.462579 0.120162 0.013377
7 0.112664 0.051048 0.091726 0.072020
10 0.714508 0.588906 0.404240 0.080505
10 0.714457 0.514064 0.404300 0.064044
7 0.112601 0.051140 0.091893 0.072208
8 0.805154 0.051124 0.267827 0.039498
6 0.805154 0.051124 0.267827 0.039498
5 0.499863 0.967722 0.028843 0.023349
