10 0.636078 0.224403 0.475511 0.124161
10 0.635652 0.379690 0.475103 0.152183
10 0.349806 0.674151 0.475271 0.170892
10 0.350090 0.836908 0.475552 0.136789
7 0.771269 0.665822 0.287655 0.256541
7 0.236963 0.240061 0.288558 0.266570
7 0.112841 0.050665 0.090699 0.071685
0 0.214011 0.402842 0.225408 0.056891
0 0.735256 0.834021 0.201998 0.057836
7 0.317313 0.485387 0.098105 0.055561
7 0.673498 0.916145 0.097328 0.055270
6 0.805242 0.051083 0.267850 0.039363
7 0.149878 0.558080 0.097917 0.055604
7 0.850098 0.125492 0.109518 0.062106
5 0.499884 0.963028 0.022112 0.021583
