10 0.281489 0.563956 0.402897 0.194903
10 0.711985 0.335946 0.403176 0.107480
10 0.281672 0.764435 0.403708 0.165600
10 0.712325 0.515008 0.404244 0.143314
10 0.281162 0.363135 0.403731 0.093178
10 0.711915 0.837600 0.402888 0.067940
10 0.712451 0.668081 0.404187 0.050759
10 0.712652 0.747692 0.405123 0.067800
8 0.592965 0.614505 0.163637 0.016665
8 0.195011 0.437903 0.228524 0.017163
8 0.637692 0.413677 0.253920 0.013285
7 0.112725 0.051023 0.091702 0.072414
7 0.300218 0.203615 0.430683 0.123087
10 0.146071 0.287917 0.131495 0.011705
6 0.805220 0.051115 0.267848 0.039463
5 0.499583 0.963830 0.021961 0.010483
5 0.499884 0.966175 0.031423 0.018885
