7 0.890566 0.050668 0.091696 0.071808
8 0.360867 0.142435 0.519823 0.032933
8 0.158869 0.800037 0.142282 0.016222
8 0.161387 0.875254 0.147411 0.016137
6 0.185386 0.051090 0.252542 0.037567
10 0.498193 0.836546 0.823180 0.053850
8 0.729939 0.551866 0.316350 0.032325
8 0.691341 0.488436 0.218997 0.020837
10 0.730106 0.589642 0.335704 0.035495
10 0.733879 0.643642 0.280179 0.072450
3 0.505738 0.408106 0.289980 0.019851
7 0.132253 0.226612 0.095043 0.075016
8 0.701892 0.229251 0.195243 0.022267
10 0.503324 0.901453 0.832772 0.033235
8 0.275735 0.229395 0.149743 0.021003
4 0.401745 0.550249 0.186753 0.013653
10 0.714374 0.309923 0.333650 0.066752
7 0.856939 0.486008 0.096375 0.076109
4 0.188702 0.638233 0.158987 0.016081
7 0.853795 0.226548 0.095507 0.076158
7 0.131568 0.485832 0.093835 0.077144
10 0.280668 0.301855 0.354222 0.050654
4 0.383962 0.611666 0.150428 0.013408
4 0.168687 0.607726 0.119879 0.013289
7 0.129559 0.733777 0.089156 0.072548
4 0.406782 0.580860 0.196778 0.013712
8 0.281821 0.738795 0.193724 0.017024
4 0.168992 0.550300 0.119633 0.013621
4 0.165237 0.582365 0.116865 0.017478
5 0.499906 0.965151 0.025613 0.020474
10 0.248357 0.486889 0.099546 0.021092
