9 0.499829 0.239848 0.835385 0.207973
9 0.499546 0.760175 0.834356 0.110044
9 0.499666 0.458932 0.834894 0.091763
9 0.499905 0.604464 0.836680 0.096328
7 0.112737 0.051081 0.092037 0.072616
1 0.413981 0.362847 0.663263 0.013280
10 0.841427 0.547182 0.151513 0.013269
10 0.834784 0.695380 0.150614 0.013357
6 0.805420 0.051009 0.267571 0.039482
10 0.834707 0.402840 0.150784 0.013852
8 0.175810 0.548193 0.186784 0.014665
10 0.832827 0.126844 0.150986 0.013920
8 0.195035 0.403614 0.224908 0.014984
0 0.267087 0.696333 0.369546 0.014875
8 0.267087 0.696333 0.369546 0.014875
8 0.193944 0.127503 0.222499 0.015342
0 0.195035 0.403614 0.224908 0.014984
5 0.500549 0.972498 0.038458 0.020165
