10 0.499742 0.204774 0.835831 0.201159
10 0.499730 0.406391 0.835359 0.070785
10 0.499772 0.605422 0.835389 0.067172
10 0.499835 0.863787 0.835208 0.053765
10 0.500055 0.752008 0.835781 0.051144
10 0.499565 0.672746 0.835561 0.040073
10 0.500285 0.337184 0.835868 0.039416
10 0.499670 0.810748 0.834803 0.027010
10 0.499710 0.492127 0.834971 0.026239
10 0.499491 0.917292 0.834518 0.026397
7 0.112712 0.051053 0.092280 0.072736
8 0.115791 0.461371 0.066729 0.014172
8 0.166105 0.550124 0.167029 0.011465
8 0.128661 0.706670 0.082318 0.011704
8 0.246217 0.524918 0.328385 0.014226
5 0.499895 0.977865 0.071349 0.045772
8 0.805216 0.051133 0.267804 0.039552
