9 0.499723 0.746383 0.834135 0.343877
4 0.499832 0.168905 0.833535 0.052502
7 0.112664 0.051076 0.091874 0.072510
4 0.249091 0.475546 0.289821 0.013176
4 0.199755 0.370496 0.190560 0.013086
4 0.227827 0.437429 0.245185 0.012969
4 0.254936 0.456467 0.301641 0.013064
8 0.294046 0.119991 0.422963 0.014737
4 0.200802 0.237803 0.191954 0.012914
4 0.174013 0.351511 0.139220 0.012769
4 0.201380 0.274361 0.194969 0.010546
4 0.499635 0.409810 0.834410 0.028085
4 0.190657 0.293518 0.173417 0.010576
4 0.182274 0.330961 0.155852 0.010366
4 0.162455 0.312428 0.116332 0.010332
4 0.163251 0.255299 0.118246 0.010508
10 0.332327 0.217962 0.456258 0.012745
8 0.499254 0.531320 0.835103 0.030931
6 0.805240 0.051079 0.267601 0.039435
5 0.499990 0.978152 0.071761 0.045198
10 0.840922 0.565262 0.151296 0.014169
