10 0.566945 0.184900 0.504146 0.089568
10 0.409413 0.510217 0.521782 0.135288
10 0.599551 0.752980 0.569066 0.101376
10 0.598919 0.837073 0.568378 0.043434
7 0.195096 0.757864 0.211729 0.159219
10 0.566610 0.264564 0.502323 0.029429
10 0.598631 0.881978 0.567526 0.027994
10 0.409080 0.600404 0.520334 0.029164
7 0.188187 0.186913 0.210653 0.160478
7 0.812765 0.469638 0.212055 0.160263
7 0.890285 0.050799 0.091811 0.071728
0 0.185096 0.869775 0.171448 0.057031
0 0.180110 0.291913 0.171232 0.042868
0 0.815354 0.576375 0.185950 0.042922
6 0.185409 0.051089 0.252112 0.037131
7 0.319832 0.356680 0.099065 0.056170
7 0.697901 0.639050 0.098392 0.055675
7 0.857638 0.117941 0.113505 0.043111
7 0.156406 0.413026 0.111581 0.053517
7 0.328588 0.928867 0.094267 0.044597
7 0.873028 0.675555 0.094267 0.050544
5 0.497556 0.964826 0.024440 0.019785
