9 0.499621 0.394952 0.835859 0.333037
10 0.499522 0.884545 0.835685 0.039633
9 0.500172 0.738840 0.837143 0.095636
10 0.499391 0.631316 0.834680 0.026186
4 0.511296 0.186891 0.811169 0.028902
4 0.511395 0.146453 0.810998 0.023435
8 0.192694 0.604459 0.220181 0.014192
7 0.890384 0.050730 0.091675 0.071521
8 0.376547 0.845517 0.588360 0.014882
8 0.495827 0.121039 0.826155 0.014932
0 0.295471 0.682822 0.426369 0.012722
6 0.185357 0.051183 0.252228 0.037248
1 0.482998 0.809040 0.801525 0.026539
10 0.829176 0.681641 0.150527 0.013646
10 0.840169 0.220449 0.153569 0.013842
5 0.500549 0.973029 0.038458 0.029717
