10 0.499801 0.845593 0.836522 0.113602
4 0.275371 0.630558 0.312544 0.054572
4 0.257284 0.690725 0.276538 0.037327
4 0.275760 0.223347 0.313248 0.034306
7 0.112736 0.051056 0.091759 0.072531
8 0.177866 0.124456 0.189012 0.017271
4 0.284932 0.573435 0.331716 0.037013
8 0.206383 0.767346 0.245834 0.016552
4 0.288556 0.276571 0.338945 0.034202
4 0.696424 0.262190 0.262019 0.035713
4 0.701483 0.626456 0.314669 0.054459
4 0.694721 0.573340 0.301029 0.037207
4 0.276639 0.320730 0.315236 0.017730
4 0.715539 0.315955 0.300824 0.037463
4 0.721279 0.672155 0.354634 0.017580
4 0.657667 0.209750 0.184377 0.036989
4 0.669028 0.696515 0.250091 0.017643
4 0.214355 0.354151 0.190352 0.017613
6 0.805305 0.051046 0.267785 0.039418
7 0.500439 0.445535 0.292164 0.203758
5 0.499123 0.964040 0.022137 0.012113
