10 0.499663 0.664625 0.835925 0.053633
9 0.497516 0.427087 0.832383 0.096934
9 0.498688 0.299811 0.833456 0.095933
9 0.499609 0.561178 0.835833 0.095831
9 0.500078 0.172415 0.836281 0.095625
9 0.498960 0.783846 0.835147 0.095117
7 0.112888 0.051047 0.091723 0.072626
9 0.499350 0.902655 0.835548 0.058197
8 0.159841 0.624817 0.154642 0.011716
8 0.148446 0.709532 0.131773 0.011811
5 0.500071 0.978038 0.071629 0.045115
8 0.841333 0.369589 0.150505 0.013634
8 0.841363 0.503729 0.150881 0.013856
10 0.840952 0.726390 0.151010 0.013592
8 0.841299 0.241903 0.150362 0.013888
10 0.841088 0.864000 0.151080 0.013469
10 0.840950 0.114968 0.150958 0.013081
8 0.841088 0.864000 0.151080 0.013469
10 0.841299 0.241903 0.150362 0.013888
8 0.840950 0.114968 0.150958 0.013081
10 0.841363 0.503729 0.150881 0.013856
10 0.841333 0.369589 0.150505 0.013634
8 0.840952 0.726390 0.151010 0.013592
6 0.805397 0.050998 0.267555 0.039413
