10 0.703033 0.373146 0.402045 0.486983
10 0.285175 0.239965 0.404975 0.172340
10 0.702646 0.715676 0.401414 0.108216
10 0.284683 0.815035 0.403034 0.070099
10 0.284518 0.735153 0.403726 0.050961
10 0.285111 0.563225 0.404553 0.048602
10 0.702956 0.856117 0.400682 0.050826
10 0.285069 0.617340 0.403876 0.030829
8 0.284375 0.673611 0.403703 0.033889
8 0.702336 0.804054 0.401398 0.035357
8 0.284887 0.502848 0.403552 0.031842
7 0.112737 0.051283 0.092399 0.072685
8 0.252621 0.131084 0.338419 0.016517
10 0.284125 0.346958 0.402796 0.013585
8 0.595593 0.641032 0.186684 0.016073
9 0.284616 0.411913 0.404317 0.088811
8 0.805421 0.051634 0.267581 0.038864
5 0.499415 0.965461 0.021423 0.012667
6 0.805421 0.051634 0.267581 0.038864
10 0.284616 0.411913 0.404317 0.088811
