10 0.714278 0.826517 0.404402 0.164194
10 0.283793 0.800131 0.404464 0.127412
7 0.708958 0.539495 0.393512 0.213117
4 0.284564 0.447690 0.402594 0.127558
4 0.284802 0.579824 0.403071 0.111206
10 0.283679 0.671223 0.404113 0.046456
10 0.714196 0.371068 0.404028 0.047007
4 0.284648 0.206402 0.402525 0.173440
10 0.714564 0.226853 0.405321 0.213318
4 0.284648 0.339837 0.403270 0.062459
10 0.283869 0.895281 0.404512 0.029927
8 0.159115 0.713256 0.154855 0.013184
8 0.695227 0.723188 0.364294 0.017069
7 0.112464 0.051074 0.091680 0.072405
6 0.805191 0.051083 0.267591 0.039494
0 0.701018 0.678543 0.260190 0.016097
10 0.701018 0.678543 0.260190 0.016097
8 0.805191 0.051083 0.267591 0.039494
5 0.499863 0.966661 0.026096 0.014859
