9 0.499232 0.618176 0.834503 0.157309
9 0.499331 0.423364 0.834264 0.158926
9 0.499890 0.222303 0.836837 0.169351
9 0.498594 0.847768 0.834472 0.150948
7 0.890445 0.050800 0.091423 0.071599
10 0.464401 0.747782 0.764392 0.013349
6 0.185467 0.051173 0.252062 0.037366
8 0.346700 0.113347 0.527493 0.012793
8 0.341596 0.324996 0.517326 0.013208
8 0.349659 0.519863 0.532842 0.012991
8 0.849768 0.129175 0.134305 0.011091
10 0.849545 0.763926 0.134049 0.011930
4 0.341596 0.324996 0.517326 0.013208
4 0.346700 0.113347 0.527493 0.012793
4 0.349659 0.519863 0.532842 0.012991
8 0.849545 0.763926 0.134049 0.011930
4 0.263786 0.728767 0.362705 0.013146
5 0.499589 0.970761 0.030302 0.008484
