10 0.499607 0.701224 0.836097 0.215832
10 0.500169 0.513555 0.836555 0.058956
9 0.499211 0.204700 0.834703 0.099720
10 0.500130 0.842059 0.836215 0.041583
9 0.499187 0.346564 0.835222 0.075568
10 0.499576 0.915698 0.834698 0.026800
10 0.499504 0.413601 0.835617 0.040006
8 0.173490 0.883499 0.181193 0.014783
8 0.175007 0.464907 0.183386 0.014775
8 0.210108 0.572997 0.254894 0.011846
7 0.890277 0.050811 0.091534 0.071827
8 0.451432 0.121450 0.737166 0.014782
8 0.450652 0.273538 0.736643 0.014762
10 0.841111 0.146753 0.151496 0.013638
6 0.185380 0.051155 0.252209 0.037337
10 0.841006 0.299476 0.150572 0.013940
5 0.499712 0.978119 0.071864 0.045399
