9 0.500097 0.189235 0.834473 0.151987
9 0.498506 0.758865 0.833866 0.264334
7 0.890362 0.050819 0.091523 0.071692
10 0.396471 0.595979 0.628987 0.014802
8 0.236323 0.282302 0.306485 0.014348
4 0.503368 0.487485 0.828237 0.024247
4 0.502874 0.452875 0.828105 0.023655
4 0.368684 0.518597 0.559420 0.012380
10 0.287889 0.419978 0.410745 0.012617
4 0.348133 0.336369 0.532269 0.012594
4 0.342278 0.320045 0.520148 0.012429
10 0.481721 0.306250 0.799061 0.012670
8 0.380250 0.395936 0.594664 0.015285
8 0.446210 0.369561 0.727744 0.014685
10 0.841051 0.621702 0.150911 0.013474
6 0.185376 0.051140 0.252208 0.037284
8 0.171699 0.546435 0.177208 0.011675
8 0.229525 0.558781 0.293496 0.036351
5 0.501236 0.973560 0.053566 0.032901
