9 0.499360 0.820011 0.833999 0.115745
10 0.499503 0.679239 0.835143 0.070218
10 0.500370 0.163314 0.836304 0.049660
9 0.499477 0.330924 0.834762 0.080107
10 0.499632 0.581848 0.834966 0.044464
4 0.499668 0.509799 0.835363 0.071099
7 0.890197 0.050794 0.091336 0.071752
10 0.418210 0.256050 0.671896 0.013044
8 0.208870 0.116686 0.251139 0.014544
8 0.212824 0.626282 0.260543 0.014357
8 0.207914 0.389078 0.251378 0.014812
4 0.499874 0.431512 0.834722 0.055670
8 0.499285 0.219659 0.834865 0.028790
8 0.499346 0.741260 0.834125 0.030305
10 0.840982 0.281268 0.150463 0.014178
6 0.185389 0.051152 0.252297 0.037398
5 0.500059 0.978366 0.071613 0.045397
