7 0.112731 0.051061 0.092049 0.072832
10 0.491192 0.890701 0.818365 0.034901
10 0.514452 0.280751 0.818576 0.076201
4 0.503224 0.151208 0.840970 0.050928
10 0.149030 0.837124 0.132485 0.032211
10 0.502299 0.596854 0.840737 0.032021
10 0.502432 0.652418 0.841112 0.051829
5 0.499182 0.964207 0.020117 0.011038
10 0.851739 0.816878 0.143645 0.074651
10 0.502670 0.551462 0.840975 0.031859
10 0.829466 0.723574 0.187537 0.055521
10 0.502592 0.451639 0.841325 0.049450
10 0.503234 0.505944 0.842899 0.031983
8 0.171921 0.342991 0.179364 0.013668
10 0.502643 0.388610 0.841730 0.049100
10 0.502613 0.208377 0.840994 0.034625
6 0.806150 0.053173 0.270576 0.043515
