7 0.112571 0.051117 0.092204 0.072681
8 0.163183 0.122511 0.125796 0.014560
8 0.169333 0.668777 0.138033 0.015016
8 0.161129 0.512003 0.121052 0.012498
8 0.172928 0.590055 0.145147 0.015319
8 0.164364 0.185118 0.130696 0.015246
8 0.169681 0.348915 0.138466 0.015587
8 0.166391 0.434504 0.131539 0.015216
10 0.492815 0.547438 0.794412 0.048985
7 0.873577 0.790609 0.089692 0.072753
10 0.460137 0.221974 0.724806 0.052165
7 0.143921 0.789059 0.087871 0.066740
6 0.805138 0.051102 0.267784 0.039799
10 0.452048 0.624475 0.703531 0.048979
10 0.333174 0.390175 0.465772 0.061390
10 0.457041 0.706515 0.713517 0.054168
10 0.469762 0.154484 0.740936 0.044538
7 0.247015 0.295676 0.333528 0.066597
10 0.275741 0.865809 0.350085 0.072143
10 0.458573 0.469380 0.725927 0.054168
10 0.744842 0.874887 0.365248 0.076137
7 0.126787 0.295646 0.090316 0.065058
8 0.304496 0.792132 0.221047 0.029130
8 0.740592 0.791469 0.157646 0.030455
5 0.499465 0.969587 0.033562 0.023887
