10 0.665739 0.846940 0.487552 0.064694
10 0.666156 0.516037 0.487176 0.131130
10 0.666233 0.255525 0.486875 0.077573
10 0.666185 0.372388 0.487548 0.077925
10 0.666442 0.646449 0.487308 0.078086
10 0.665947 0.159162 0.487223 0.038751
7 0.890335 0.050852 0.091010 0.071550
10 0.666241 0.749384 0.487631 0.077067
8 0.656619 0.315971 0.505793 0.024711
8 0.656724 0.432961 0.505113 0.024834
8 0.613012 0.129070 0.409433 0.011441
8 0.656819 0.699955 0.505225 0.011547
8 0.607129 0.803676 0.398785 0.011515
8 0.656499 0.198165 0.505422 0.021968
8 0.635756 0.596358 0.451022 0.011568
6 0.185437 0.051076 0.252039 0.037256
5 0.499176 0.967192 0.032964 0.026533
