9 0.498611 0.246112 0.834398 0.192628
9 0.502398 0.774408 0.840370 0.116710
10 0.499410 0.496894 0.835500 0.067396
10 0.499478 0.593847 0.835095 0.037718
10 0.499680 0.855920 0.835143 0.029398
10 0.499188 0.674129 0.834483 0.028996
8 0.184360 0.641943 0.203248 0.014637
7 0.112668 0.051072 0.092232 0.072621
8 0.201300 0.359582 0.236705 0.014705
10 0.368800 0.383731 0.572966 0.013106
8 0.146794 0.555903 0.126929 0.011773
4 0.138523 0.428173 0.111649 0.012920
4 0.131226 0.406135 0.094360 0.010793
4 0.131691 0.447722 0.097903 0.010721
8 0.383822 0.120994 0.601334 0.014952
6 0.805295 0.051049 0.267624 0.039477
10 0.840777 0.139836 0.150879 0.012842
8 0.841044 0.707422 0.151396 0.013690
8 0.840777 0.139836 0.150879 0.012842
10 0.841044 0.707422 0.151396 0.013690
5 0.501236 0.976213 0.070048 0.036085
