10 0.284098 0.576848 0.403919 0.264241
10 0.714629 0.825437 0.404753 0.147114
10 0.714492 0.582553 0.405328 0.247340
10 0.714492 0.174918 0.404401 0.113853
10 0.283658 0.827597 0.404225 0.147021
10 0.714735 0.370880 0.404840 0.144674
10 0.283873 0.342320 0.404161 0.113408
8 0.686236 0.265674 0.347750 0.037101
8 0.701040 0.730304 0.377211 0.016628
8 0.231862 0.732619 0.300002 0.016644
8 0.259763 0.423044 0.355169 0.015993
7 0.112860 0.051068 0.091829 0.072563
7 0.281303 0.208012 0.389331 0.143323
8 0.265496 0.120476 0.289999 0.015037
6 0.805320 0.051195 0.267704 0.039419
8 0.805320 0.051195 0.267704 0.039419
5 0.499747 0.964373 0.020945 0.011406
