7 0.714740 0.201642 0.342144 0.163661
7 0.715058 0.799592 0.343010 0.157413
10 0.283516 0.235621 0.405099 0.231136
7 0.715094 0.408408 0.343445 0.182035
7 0.714697 0.607769 0.342537 0.150210
10 0.283793 0.782455 0.405215 0.145085
10 0.283560 0.424538 0.404233 0.064002
10 0.283642 0.666242 0.404762 0.078040
10 0.283638 0.481540 0.403756 0.043829
8 0.255285 0.554144 0.347261 0.034557
8 0.193200 0.371161 0.222471 0.016515
8 0.255138 0.605113 0.346898 0.016915
7 0.890612 0.050565 0.091346 0.071403
0 0.712409 0.900659 0.285947 0.023699
0 0.712084 0.300754 0.241188 0.026369
0 0.712666 0.698251 0.285926 0.023388
0 0.712920 0.516128 0.285037 0.023661
6 0.185382 0.051119 0.252454 0.037444
5 0.499538 0.964401 0.021361 0.010495
