10 0.725993 0.688470 0.381744 0.110859
10 0.318572 0.703510 0.380990 0.080094
10 0.318853 0.804166 0.380817 0.094098
10 0.318602 0.898438 0.380403 0.060419
10 0.725929 0.861336 0.381029 0.047308
10 0.725833 0.790923 0.380559 0.060990
10 0.725987 0.912872 0.381390 0.028585
8 0.259281 0.639856 0.262137 0.013937
7 0.112215 0.050799 0.091240 0.072618
7 0.511101 0.355698 0.850737 0.519636
5 0.499424 0.964340 0.020635 0.010763
6 0.805218 0.051154 0.268048 0.039511
8 0.805218 0.051154 0.268048 0.039511
