10 0.503467 0.632091 0.827825 0.118578
10 0.503466 0.496924 0.827565 0.118386
10 0.503282 0.725389 0.827345 0.034704
4 0.514402 0.811278 0.805016 0.032232
4 0.514629 0.858915 0.805296 0.031964
7 0.112701 0.051124 0.091655 0.072578
4 0.499674 0.907173 0.834409 0.031784
4 0.367643 0.771623 0.511416 0.015619
10 0.498952 0.257287 0.721751 0.034061
10 0.843186 0.112800 0.127809 0.011816
10 0.254278 0.336474 0.328913 0.095903
6 0.805220 0.051228 0.267881 0.039532
10 0.146255 0.413268 0.111671 0.012542
8 0.499078 0.204933 0.809815 0.050211
8 0.498683 0.149864 0.337412 0.031933
5 0.499592 0.963634 0.020444 0.011532
