10 0.283629 0.335030 0.404479 0.065196
10 0.283756 0.557926 0.404699 0.127508
10 0.714523 0.325028 0.405206 0.113896
10 0.283559 0.448568 0.404199 0.063836
4 0.715410 0.434718 0.402446 0.075543
4 0.715207 0.737000 0.402110 0.091617
4 0.715587 0.582032 0.402418 0.076407
4 0.715164 0.656309 0.402199 0.045964
4 0.715553 0.508241 0.402746 0.043483
4 0.715187 0.912027 0.401788 0.032148
4 0.715322 0.819788 0.401965 0.044860
4 0.714959 0.869818 0.401840 0.030693
8 0.617752 0.250237 0.210723 0.017054
8 0.139580 0.397124 0.115174 0.013476
7 0.890412 0.050793 0.091410 0.071470
8 0.139720 0.279346 0.115260 0.012848
8 0.186940 0.250153 0.206850 0.017396
8 0.267962 0.647352 0.348856 0.017692
6 0.185329 0.051153 0.252387 0.037513
8 0.444332 0.142449 0.722166 0.044598
7 0.184298 0.839096 0.177722 0.094510
8 0.279793 0.195936 0.395914 0.044218
7 0.386655 0.735983 0.179442 0.094796
7 0.185786 0.735680 0.181639 0.095895
7 0.388281 0.840729 0.179268 0.097599
10 0.265908 0.668872 0.345008 0.020759
5 0.499176 0.967192 0.030217 0.022288
