4 0.514477 0.437390 0.805769 0.063738
4 0.514143 0.570811 0.805568 0.030245
4 0.514388 0.512036 0.805299 0.046248
4 0.514727 0.620844 0.805664 0.030185
4 0.514787 0.670593 0.805390 0.030056
4 0.514908 0.370786 0.803789 0.029931
7 0.890366 0.050729 0.091578 0.071499
10 0.499022 0.331504 0.834101 0.013543
10 0.148800 0.841936 0.132337 0.029388
8 0.499709 0.125057 0.188651 0.018864
10 0.869399 0.823890 0.095553 0.066304
10 0.822726 0.733725 0.187996 0.049918
10 0.256143 0.230755 0.349241 0.075861
10 0.094723 0.170346 0.024837 0.011988
10 0.094962 0.303874 0.024285 0.011186
6 0.185354 0.051104 0.252424 0.037220
5 0.497802 0.965069 0.032964 0.022288
