9 0.499041 0.815626 0.835715 0.229041
10 0.499630 0.641346 0.835108 0.042872
10 0.499677 0.345123 0.834972 0.028855
4 0.509701 0.526855 0.814821 0.026404
10 0.499303 0.278256 0.834697 0.029239
4 0.417739 0.560133 0.631269 0.012762
10 0.467240 0.220081 0.770273 0.013008
4 0.510076 0.488347 0.815843 0.023817
10 0.330817 0.432370 0.496856 0.012961
7 0.890156 0.050801 0.091561 0.071933
8 0.133360 0.311507 0.101072 0.011309
8 0.499396 0.592420 0.833468 0.027467
8 0.155360 0.246088 0.145653 0.014515
8 0.190477 0.457172 0.214103 0.011602
8 0.321338 0.682892 0.475749 0.014806
8 0.200716 0.377685 0.235524 0.011464
8 0.291469 0.405388 0.417995 0.014391
8 0.408719 0.113540 0.651364 0.014427
8 0.155839 0.191684 0.147425 0.011699
8 0.176253 0.165445 0.186359 0.011653
8 0.190791 0.138579 0.214583 0.011803
6 0.185308 0.051210 0.252424 0.037385
5 0.499835 0.978094 0.072036 0.045419
