4 0.501202 0.422854 0.834237 0.097125
7 0.890232 0.050768 0.091516 0.071880
4 0.500512 0.516306 0.835057 0.055683
10 0.149507 0.847093 0.132465 0.032111
4 0.500320 0.588852 0.835084 0.055754
10 0.851452 0.112260 0.135289 0.011734
6 0.185331 0.051160 0.252351 0.037381
10 0.846485 0.826760 0.143375 0.073067
10 0.500202 0.651167 0.835590 0.035004
10 0.823456 0.733449 0.188804 0.054990
8 0.435933 0.172373 0.702253 0.078569
10 0.257639 0.297357 0.335254 0.095187
5 0.501065 0.966220 0.038793 0.026343
