10 0.714769 0.646375 0.404535 0.279624
10 0.283599 0.841855 0.404073 0.147545
10 0.714630 0.178688 0.404485 0.129825
10 0.283940 0.314552 0.404720 0.113865
10 0.714812 0.392573 0.404269 0.193796
10 0.714886 0.857058 0.405028 0.112926
10 0.283584 0.162625 0.404386 0.098926
4 0.211350 0.519215 0.255021 0.013980
4 0.200973 0.460287 0.234156 0.013891
4 0.259005 0.479998 0.350708 0.013538
4 0.255489 0.721183 0.343381 0.014052
7 0.890477 0.050766 0.091471 0.071520
4 0.172598 0.400711 0.177552 0.013694
4 0.193413 0.681882 0.219391 0.013788
4 0.213495 0.612193 0.259465 0.013715
8 0.188457 0.236392 0.213177 0.016499
4 0.164185 0.572615 0.160796 0.013541
4 0.264880 0.701551 0.362730 0.013746
4 0.258723 0.420432 0.349922 0.013255
4 0.175441 0.592089 0.183684 0.013411
4 0.179507 0.499651 0.191485 0.013521
4 0.199018 0.630473 0.230349 0.011258
4 0.165971 0.740226 0.164422 0.011293
4 0.134895 0.438928 0.102169 0.011588
8 0.634921 0.272391 0.243569 0.013527
10 0.276181 0.551419 0.388329 0.011383
10 0.235832 0.662088 0.306548 0.013431
8 0.185376 0.051192 0.252334 0.037272
5 0.499216 0.965327 0.020526 0.012106
6 0.185376 0.051192 0.252334 0.037272
