9 0.498978 0.250649 0.836553 0.215183
9 0.499385 0.428085 0.834019 0.109715
4 0.528478 0.820152 0.777035 0.040149
4 0.528551 0.871119 0.776966 0.039884
4 0.511457 0.561708 0.812229 0.039651
4 0.511915 0.605861 0.812605 0.026344
4 0.511438 0.714557 0.811881 0.026094
4 0.510983 0.751848 0.811082 0.026371
7 0.112581 0.051065 0.092005 0.072625
4 0.417492 0.636857 0.624666 0.012839
4 0.493245 0.660510 0.775354 0.012858
4 0.379259 0.782784 0.478343 0.012232
4 0.421759 0.931895 0.629403 0.012720
4 0.375654 0.683408 0.540303 0.011247
4 0.375742 0.907669 0.540196 0.011372
4 0.320876 0.524500 0.428599 0.012795
8 0.493914 0.500164 0.822898 0.015085
10 0.863672 0.116915 0.089687 0.012612
8 0.430528 0.135531 0.682798 0.012861
5 0.499677 0.977853 0.071654 0.045223
6 0.805227 0.051038 0.267602 0.039534
