7 0.112627 0.050996 0.091999 0.072532
9 0.499125 0.355060 0.823258 0.255127
8 0.159676 0.865240 0.118085 0.014394
8 0.157500 0.785739 0.112629 0.014023
8 0.162717 0.706211 0.124197 0.013962
8 0.163435 0.626915 0.125492 0.014393
8 0.320301 0.135839 0.472749 0.044034
8 0.488390 0.192638 0.722059 0.030107
6 0.805159 0.051166 0.268040 0.039700
10 0.407769 0.821241 0.613966 0.054872
7 0.127034 0.574143 0.089752 0.066878
10 0.376531 0.664100 0.551562 0.053926
10 0.443914 0.512947 0.438833 0.020947
10 0.299785 0.742606 0.398977 0.050554
8 0.268289 0.578606 0.180603 0.019612
10 0.431324 0.898819 0.657454 0.051087
5 0.499465 0.965833 0.028263 0.021839
