9 0.499222 0.442336 0.833840 0.164929
9 0.499803 0.856132 0.835414 0.080698
4 0.507739 0.172799 0.818480 0.026371
4 0.507506 0.209980 0.818474 0.026155
4 0.507569 0.294577 0.818745 0.026494
4 0.508114 0.333636 0.820517 0.029092
4 0.507071 0.729951 0.820369 0.067359
4 0.476565 0.118361 0.756639 0.012702
4 0.284158 0.240317 0.371551 0.012936
4 0.493551 0.142281 0.790326 0.012515
4 0.428118 0.264034 0.659322 0.012596
4 0.506967 0.658711 0.819475 0.025967
7 0.890331 0.050805 0.091544 0.071589
10 0.291472 0.611291 0.418404 0.015174
4 0.506783 0.788400 0.820066 0.026692
8 0.175490 0.635996 0.186701 0.011328
8 0.161572 0.593494 0.157639 0.011854
8 0.144576 0.567232 0.125362 0.011482
8 0.287662 0.542220 0.410862 0.014996
6 0.185327 0.051145 0.252368 0.037368
5 0.499966 0.978175 0.071809 0.045424
