9 0.503031 0.868822 0.842647 0.098506
9 0.499865 0.725043 0.835592 0.091335
9 0.499765 0.529942 0.835886 0.078872
9 0.499407 0.396070 0.836288 0.102905
7 0.112649 0.051072 0.092057 0.072547
9 0.499113 0.171378 0.836263 0.076252
9 0.499960 0.267275 0.836771 0.048702
10 0.453579 0.633135 0.740780 0.012661
10 0.379705 0.655950 0.593207 0.013213
8 0.286276 0.612709 0.404286 0.015226
10 0.439243 0.785286 0.712216 0.012813
8 0.273595 0.335400 0.379682 0.014872
8 0.296753 0.480631 0.424308 0.015541
8 0.206100 0.233275 0.244727 0.014771
10 0.841674 0.671307 0.151331 0.014214
10 0.842025 0.810471 0.150919 0.013997
10 0.841826 0.233328 0.150677 0.014112
10 0.841955 0.479738 0.150220 0.013583
10 0.842419 0.334691 0.149605 0.013695
8 0.252892 0.123703 0.337662 0.011853
10 0.841377 0.124546 0.150484 0.014020
6 0.805333 0.050969 0.267559 0.039499
5 0.499999 0.978044 0.071628 0.045291
