10 0.284499 0.216530 0.403715 0.137350
10 0.284600 0.411458 0.403515 0.153915
9 0.284027 0.736456 0.405504 0.328210
10 0.715118 0.181042 0.403745 0.065872
10 0.726776 0.405856 0.380611 0.102281
10 0.715537 0.261599 0.404665 0.065515
10 0.726789 0.664511 0.380923 0.296143
4 0.719719 0.873093 0.394766 0.048207
10 0.284512 0.518485 0.402547 0.029880
4 0.715057 0.486506 0.403321 0.031295
7 0.112805 0.051227 0.092334 0.072771
8 0.658627 0.125751 0.291533 0.015880
4 0.715106 0.325035 0.403996 0.031460
8 0.184260 0.312397 0.204640 0.016021
4 0.714687 0.833835 0.403579 0.013288
8 0.217988 0.124895 0.271857 0.014723
0 0.284772 0.564747 0.061181 0.011389
5 0.499237 0.965218 0.022026 0.012437
6 0.805412 0.051435 0.267796 0.039314
8 0.805412 0.051435 0.267796 0.039314
