7 0.112846 0.051108 0.091771 0.072484
10 0.664011 0.172346 0.486885 0.038378
10 0.663690 0.383408 0.486443 0.051762
10 0.663747 0.249321 0.486872 0.038820
10 0.664132 0.313213 0.487244 0.038389
10 0.663878 0.453971 0.486637 0.037989
6 0.805343 0.051175 0.267744 0.039624
10 0.663654 0.510921 0.487509 0.024905
8 0.805343 0.051175 0.267744 0.039624
8 0.233407 0.571633 0.300793 0.044576
10 0.489562 0.582247 0.203276 0.063680
10 0.440116 0.645396 0.098891 0.020165
10 0.234780 0.685408 0.300793 0.048821
10 0.233407 0.644016 0.303540 0.031840
8 0.267744 0.732107 0.366720 0.023349
10 0.234780 0.775091 0.232119 0.032901
10 0.209371 0.811706 0.178553 0.016981
10 0.637898 0.686469 0.499948 0.036085
10 0.647512 0.774029 0.508189 0.047760
10 0.440803 0.809584 0.094770 0.021227
5 0.500549 0.966130 0.030217 0.015920
4 0.657127 0.134895 0.508189 0.030779
4 0.653006 0.210780 0.513683 0.031840
4 0.631717 0.283482 0.454624 0.020165
4 0.515658 0.347692 0.238986 0.021227
4 0.578151 0.423047 0.361227 0.019104
4 0.637898 0.484073 0.466985 0.022288
