4 0.529967 0.544739 0.774560 0.031902
4 0.529554 0.189922 0.773848 0.031052
4 0.529804 0.487332 0.773957 0.050357
4 0.529794 0.333682 0.773833 0.031646
4 0.530105 0.429596 0.773651 0.031640
4 0.529524 0.237787 0.774408 0.031780
4 0.529867 0.285790 0.774198 0.031394
4 0.530030 0.382023 0.773839 0.031811
4 0.530050 0.592731 0.774732 0.031335
4 0.499494 0.881477 0.834268 0.029332
7 0.890288 0.050802 0.091529 0.071672
4 0.459689 0.783213 0.593516 0.012755
4 0.351970 0.753255 0.376883 0.012863
4 0.356651 0.694117 0.384588 0.012619
4 0.539858 0.723767 0.753072 0.012916
4 0.499583 0.654570 0.834511 0.029607
4 0.242522 0.812808 0.157744 0.012924
4 0.499424 0.141887 0.834553 0.031934
10 0.372402 0.843911 0.579745 0.013730
6 0.185332 0.051295 0.252271 0.037558
5 0.499863 0.965600 0.026096 0.016981
