10 0.714403 0.840446 0.404230 0.138059
10 0.283754 0.254341 0.404863 0.180721
10 0.714531 0.654370 0.404557 0.190151
10 0.283702 0.445854 0.404900 0.097562
7 0.715842 0.410380 0.406564 0.186051
7 0.714650 0.214332 0.405468 0.185144
10 0.283561 0.555098 0.404262 0.094563
10 0.283585 0.689307 0.404000 0.063828
4 0.284888 0.830651 0.401994 0.059780
4 0.284873 0.762960 0.402070 0.059487
4 0.284844 0.883541 0.402323 0.030351
8 0.136709 0.634580 0.106936 0.013641
8 0.205812 0.373987 0.247913 0.013408
8 0.604678 0.538977 0.181746 0.013568
7 0.112612 0.051090 0.091745 0.072411
10 0.283525 0.133871 0.403793 0.027992
5 0.499434 0.964254 0.020144 0.010907
6 0.805214 0.051073 0.267846 0.039384
8 0.805214 0.051073 0.267846 0.039384
