8 0.266614 0.078874 0.356793 0.018293
10 0.535900 0.122320 0.765160 0.054226
4 0.514763 0.171320 0.670467 0.012413
10 0.546468 0.206273 0.738950 0.049653
10 0.546891 0.264636 0.738105 0.050959
10 0.545623 0.319189 0.737260 0.051613
10 0.546468 0.376682 0.733878 0.055533
4 0.546468 0.422088 0.735569 0.031360
4 0.546891 0.459872 0.738105 0.034626
4 0.545623 0.498092 0.735569 0.033973
4 0.545623 0.534351 0.738951 0.035933
4 0.545200 0.572244 0.733032 0.033320
8 0.429792 0.601971 0.693295 0.018293
10 0.532941 0.666541 0.764315 0.093426
10 0.536323 0.755720 0.764315 0.073173
4 0.535054 0.814519 0.758397 0.033973
10 0.536323 0.871359 0.760933 0.073173
5 0.499967 0.950811 0.126822 0.028093
5 0.852110 0.949177 0.107376 0.026133
