4 0.533786 0.087367 0.759242 0.033973
4 0.534632 0.124933 0.760933 0.033320
10 0.533363 0.173280 0.756706 0.056839
10 0.533363 0.234075 0.756706 0.071285
10 0.535477 0.374032 0.764315 0.203402
4 0.524909 0.485533 0.739796 0.014373
8 0.208699 0.527020 0.249417 0.018946
10 0.532941 0.601317 0.762624 0.067946
4 0.379909 0.648683 0.405831 0.015026
4 0.544777 0.677430 0.742332 0.032013
4 0.294515 0.707047 0.233353 0.013720
10 0.532095 0.751147 0.759242 0.070559
10 0.532941 0.825953 0.762624 0.071213
10 0.535477 0.889979 0.759242 0.050306
5 0.499967 0.951137 0.128513 0.030053
