10 0.550273 0.097494 0.724577 0.052919
10 0.497853 0.221335 0.831108 0.150338
8 0.439938 0.333417 0.705131 0.016333
10 0.535054 0.377734 0.760088 0.049653
10 0.534632 0.423467 0.757551 0.033973
4 0.535900 0.462340 0.756706 0.032013
10 0.535477 0.515659 0.759242 0.069253
10 0.532518 0.581645 0.758397 0.052266
10 0.533786 0.644909 0.764315 0.069906
10 0.534209 0.710386 0.760088 0.052919
10 0.535054 0.775392 0.761778 0.074479
10 0.535477 0.839745 0.760933 0.050306
10 0.535054 0.898218 0.763469 0.056186
5 0.500812 0.951137 0.167405 0.032666
