10 0.499967 0.103846 0.828572 0.070559
10 0.499121 0.176365 0.831953 0.052266
10 0.535477 0.259337 0.760933 0.091466
10 0.498699 0.349496 0.832799 0.071866
10 0.498276 0.449020 0.830262 0.109759
10 0.499967 0.540703 0.826881 0.052266
10 0.501658 0.604076 0.833644 0.056186
8 0.305929 0.672022 0.433732 0.018293
10 0.534209 0.727228 0.761779 0.072519
8 0.291556 0.802832 0.411749 0.016987
10 0.534632 0.847585 0.760933 0.056839
8 0.290710 0.915204 0.410058 0.015680
5 0.499121 0.951464 0.169096 0.030706
5 0.864369 0.935131 0.101458 0.021560
