10 0.535477 0.088093 0.767697 0.032666
10 0.535900 0.160612 0.761779 0.066639
8 0.218844 0.225618 0.125977 0.016333
10 0.534209 0.327682 0.766851 0.185182
8 0.294515 0.459800 0.417668 0.017640
10 0.534209 0.493772 0.765160 0.035933
10 0.535054 0.547019 0.761778 0.053573
10 0.476293 0.584911 0.651020 0.015680
4 0.461920 0.605056 0.568163 0.012413
4 0.537591 0.623676 0.719504 0.013067
4 0.434019 0.642295 0.512362 0.015027
4 0.401468 0.662222 0.445569 0.013067
4 0.521949 0.681495 0.689913 0.015026
10 0.536323 0.718081 0.757551 0.054226
10 0.532941 0.762834 0.767697 0.032666
10 0.536745 0.820399 0.761778 0.072011
4 0.518567 0.865225 0.728805 0.016333
4 0.534632 0.894298 0.759242 0.030053
5 0.500812 0.951137 0.128513 0.028746
