10 0.534209 0.089001 0.761779 0.033320
10 0.501658 0.150740 0.830262 0.067946
8 0.179952 0.226199 0.185160 0.017640
10 0.443320 0.254292 0.571545 0.016333
10 0.535900 0.290116 0.760088 0.032666
4 0.535477 0.326702 0.759242 0.032666
4 0.420914 0.355122 0.526735 0.013720
4 0.278874 0.371455 0.242653 0.013720
10 0.535054 0.400528 0.760088 0.028746
4 0.344398 0.428948 0.377085 0.015027
8 0.350739 0.469454 0.535190 0.018946
10 0.499544 0.542845 0.829417 0.110412
10 0.498699 0.709225 0.831108 0.163549
10 0.498699 0.868745 0.832799 0.090159
5 0.502926 0.951718 0.166560 0.030053
5 0.856760 0.949431 0.104840 0.026786
