10 0.535900 0.096187 0.756706 0.054226
10 0.535054 0.234112 0.761778 0.181117
10 0.535054 0.359369 0.760088 0.036586
10 0.534632 0.423395 0.759242 0.054879
8 0.262809 0.488292 0.355948 0.018293
10 0.538859 0.531085 0.760933 0.048999
10 0.533786 0.585637 0.755860 0.033973
10 0.532941 0.630209 0.757551 0.050959
10 0.535900 0.687193 0.761779 0.048346
10 0.534632 0.759713 0.764315 0.088852
10 0.535054 0.844645 0.761778 0.074479
8 0.271687 0.910304 0.375394 0.020253
5 0.499544 0.951464 0.078630 0.028093
