10 0.499121 0.094626 0.828571 0.053573
10 0.497853 0.157672 0.827726 0.052919
8 0.210390 0.224638 0.249417 0.019600
10 0.499967 0.292875 0.831953 0.052266
10 0.483903 0.339914 0.656093 0.011760
4 0.406964 0.357881 0.451487 0.013720
4 0.543509 0.377480 0.731341 0.015026
10 0.546891 0.404267 0.733032 0.034626
10 0.443320 0.454246 0.581691 0.015680
10 0.545623 0.483646 0.735569 0.033973
4 0.544777 0.513046 0.733878 0.014373
4 0.546046 0.540485 0.736414 0.033973
4 0.545623 0.578705 0.735569 0.034626
10 0.499967 0.655362 0.830262 0.072519
10 0.546891 0.738988 0.738105 0.069906
10 0.546046 0.803377 0.738105 0.048419
10 0.535054 0.879852 0.758397 0.094079
5 0.499967 0.951718 0.165714 0.027440
5 0.842387 0.953823 0.106531 0.028746
