6 0.500390 0.081887 0.295073 0.022866
8 0.336789 0.145259 0.507289 0.016333
11 0.211235 0.171719 0.251108 0.020906
4 0.363844 0.198723 0.417668 0.015680
4 0.357926 0.215710 0.404140 0.014373
10 0.535477 0.244456 0.759242 0.035280
10 0.497853 0.299662 0.831108 0.034626
10 0.499121 0.342128 0.831953 0.034626
10 0.499121 0.423467 0.833644 0.109759
4 0.423028 0.495987 0.679767 0.018293
4 0.499967 0.534206 0.831953 0.034626
8 0.221381 0.567816 0.276472 0.016333
10 0.366381 0.595256 0.421050 0.018946
4 0.533786 0.620082 0.759242 0.015026
10 0.534632 0.648175 0.762624 0.033320
4 0.461497 0.675615 0.607901 0.012413
4 0.458116 0.694235 0.602828 0.014373
4 0.515186 0.712855 0.718659 0.013720
10 0.535054 0.739968 0.758397 0.031360
4 0.522795 0.771327 0.738951 0.013067
4 0.447547 0.787334 0.585073 0.016333
8 0.228990 0.827586 0.291691 0.015680
10 0.499544 0.872339 0.834490 0.052919
5 0.500812 0.952516 0.077784 0.027440
5 0.833509 0.939123 0.103994 0.022866
