8 0.376949 0.097966 0.585918 0.019600
4 0.531250 0.137492 0.759242 0.033320
4 0.535054 0.174405 0.758397 0.033973
4 0.535900 0.211644 0.758397 0.033973
4 0.535477 0.246597 0.755860 0.033320
10 0.534632 0.312583 0.759242 0.086892
8 0.214194 0.391600 0.258717 0.018293
10 0.499121 0.426552 0.831953 0.033320
4 0.232372 0.464119 0.107376 0.015680
4 0.326643 0.483719 0.297609 0.014373
4 0.524063 0.502665 0.689067 0.013067
4 0.311847 0.521611 0.266327 0.011760
10 0.499544 0.576309 0.831108 0.090812
10 0.500390 0.686068 0.834490 0.106492
10 0.500812 0.793758 0.831953 0.092772
4 0.499121 0.868891 0.831953 0.036586
5 0.500390 0.951536 0.122595 0.030706
5 0.853378 0.932917 0.108222 0.023520
