6 0.103775 0.021067 0.206886 0.037545
6 0.472165 0.028576 0.359047 0.022527
6 0.852568 0.021067 0.273623 0.030036
9 0.508871 0.122907 0.859576 0.151117
8 0.839888 0.223338 0.077415 0.017834
7 0.149824 0.270269 0.090763 0.062887
7 0.486847 0.327524 0.086758 0.068519
7 0.775152 0.263699 0.174852 0.057255
11 0.357721 0.312172 0.140522 0.030972
11 0.630375 0.312172 0.174079 0.028023
9 0.717415 0.357155 0.327185 0.061945
8 0.472803 0.394924 0.174079 0.022123
9 0.445632 0.614276 0.922830 0.436565
1 0.448675 0.853110 0.723582 0.032447
