10 0.261875 0.116244 0.364265 0.040091
1 0.278260 0.174154 0.328973 0.050782
8 0.262820 0.253001 0.371197 0.071274
4 0.278235 0.435143 0.340681 0.282400
10 0.262362 0.650774 0.369329 0.124781
1 0.257329 0.737245 0.258608 0.024081
8 0.220938 0.774461 0.278739 0.017513
10 0.262362 0.843379 0.364683 0.093039
5 0.266234 0.920546 0.025551 0.019702
5 0.736189 0.924377 0.021680 0.025175
8 0.608047 0.103071 0.116915 0.019702
10 0.733866 0.232231 0.365458 0.207969
1 0.650245 0.365216 0.134724 0.020797
8 0.623532 0.404682 0.150984 0.019702
10 0.737738 0.488417 0.370103 0.112741
1 0.711263 0.572015 0.258608 0.017513
8 0.627254 0.610325 0.152532 0.019702
10 0.734878 0.671621 0.369329 0.065674
10 0.702359 0.727992 0.236154 0.022986
1 0.684937 0.787217 0.202860 0.065674
8 0.667516 0.845229 0.233057 0.017513
10 0.756558 0.884634 0.338358 0.026270
