6 0.271883 0.148797 0.117298 0.026058
11 0.263504 0.184922 0.194380 0.024873
8 0.128047 0.228154 0.091325 0.021320
10 0.270062 0.316987 0.383732 0.130288
8 0.221048 0.407004 0.275651 0.021320
10 0.267129 0.526565 0.371165 0.196617
1 0.238224 0.668106 0.246326 0.062775
8 0.198778 0.722041 0.238785 0.023689
10 0.264967 0.791923 0.366138 0.092386
5 0.268738 0.918658 0.026811 0.026058
5 0.736148 0.921619 0.025973 0.022504
10 0.733634 0.126004 0.364462 0.060406
10 0.701188 0.230794 0.231245 0.021320
8 0.709147 0.263366 0.314191 0.020135
10 0.736377 0.337986 0.372003 0.105415
8 0.732607 0.415566 0.359435 0.026058
10 0.743918 0.531173 0.398814 0.171744
8 0.737215 0.679228 0.366976 0.039086
10 0.733864 0.794711 0.373678 0.161084
1 0.720877 0.634812 0.280678 0.021320
1 0.715084 0.187317 0.274813 0.045009
