8 0.180256 0.103040 0.193964 0.022755
10 0.267982 0.197475 0.395171 0.138808
1 0.208827 0.295892 0.194769 0.037546
8 0.260186 0.331243 0.359510 0.020205
10 0.268432 0.426836 0.389194 0.153868
1 0.217309 0.540294 0.200094 0.043518
8 0.207689 0.587738 0.239123 0.020982
4 0.280250 0.742797 0.335872 0.269657
5 0.266508 0.921921 0.023638 0.020205
5 0.736628 0.927743 0.019681 0.031660
4 0.748504 0.255499 0.358329 0.354017
1 0.762756 0.484315 0.302679 0.065239
4 0.756309 0.587550 0.359008 0.110331
1 0.735610 0.678693 0.252459 0.041254
8 0.645972 0.724567 0.189344 0.027822
10 0.737251 0.798440 0.375974 0.089224
