10 0.259722 0.222549 0.398836 0.289282
5 0.268194 0.926408 0.036495 0.031324
5 0.737087 0.921341 0.028023 0.026717
6 0.747188 0.161744 0.110788 0.029481
11 0.748817 0.209190 0.306947 0.045143
8 0.638095 0.260348 0.177912 0.022111
10 0.736175 0.311940 0.364948 0.066332
1 0.693489 0.369981 0.213103 0.029481
8 0.722163 0.420651 0.330408 0.060805
10 0.749209 0.499882 0.398836 0.070017
1 0.688927 0.560686 0.200070 0.025796
8 0.663185 0.595234 0.216362 0.024875
8 0.620173 0.713158 0.130339 0.024875
10 0.743017 0.657421 0.378633 0.073703
10 0.732916 0.761065 0.366251 0.052513
1 0.689905 0.812196 0.205935 0.033166
