10 0.263813 0.112659 0.360103 0.044175
8 0.229216 0.158938 0.293886 0.027347
10 0.254884 0.366385 0.379448 0.353891
1 0.233680 0.603245 0.249245 0.095713
10 0.262325 0.696329 0.372008 0.071522
1 0.251908 0.754665 0.275286 0.021036
8 0.226240 0.787271 0.301326 0.025243
10 0.270137 0.841964 0.380192 0.061004
5 0.264557 0.920849 0.034225 0.029450
5 0.736165 0.920849 0.022320 0.023139
10 0.737281 0.129038 0.372752 0.066263
10 0.735793 0.206345 0.372752 0.067315
1 0.675528 0.264720 0.189724 0.024191
10 0.734305 0.340449 0.366799 0.091506
1 0.662879 0.405622 0.154011 0.018932
8 0.607822 0.437138 0.107882 0.026295
10 0.741444 0.564182 0.388376 0.204048
1 0.710195 0.723003 0.248501 0.092558
8 0.637654 0.787162 0.167403 0.025243
10 0.739584 0.833967 0.362335 0.041020
