11 0.501689 0.081546 0.388189 0.016210
6 0.917596 0.081625 0.060066 0.013660
6 0.122002 0.080866 0.146199 0.016695
8 0.243835 0.108186 0.417063 0.016695
4 0.479566 0.258823 0.908926 0.273955
8 0.212668 0.407184 0.370597 0.015178
4 0.486933 0.459926 0.946326 0.078164
8 0.390600 0.510391 0.735527 0.016695
10 0.507899 0.536193 0.843193 0.030355
5 0.148069 0.561236 0.248198 0.013660
10 0.505066 0.589694 0.837527 0.029596
8 0.220602 0.615496 0.400063 0.015936
10 0.507899 0.664443 0.861326 0.071335
8 0.471066 0.720600 0.916859 0.027320
10 0.502233 0.753991 0.881726 0.024284
11 0.468800 0.780172 0.089533 0.017454
9 0.463704 0.868580 0.928193 0.147981
