11 0.502297 0.070221 0.351528 0.014837
6 0.130582 0.068619 0.167372 0.012836
6 0.922609 0.069295 0.047820 0.012836
4 0.519123 0.113545 0.834866 0.048642
8 0.116136 0.151378 0.146450 0.013512
10 0.495711 0.176713 0.889660 0.026348
8 0.273545 0.204074 0.451306 0.016214
10 0.494715 0.231097 0.893645 0.027023
8 0.125601 0.257107 0.159402 0.012836
10 0.322860 0.276361 0.418429 0.012161
4 0.528090 0.378037 0.832873 0.179030
8 0.112649 0.478361 0.153424 0.014863
4 0.518986 0.610039 0.831893 0.238085
8 0.104157 0.740076 0.145358 0.011373
4 0.508923 0.784053 0.845311 0.062933
8 0.134347 0.827651 0.214682 0.012132
3 0.388723 0.846228 0.598203 0.015923
10 0.475938 0.890205 0.917990 0.062933
