9 0.268385 0.388051 0.375050 0.608705
4 0.127137 0.710608 0.089336 0.020480
9 0.267982 0.805043 0.379074 0.161563
0 0.267982 0.925077 0.018511 0.028444
5 0.737600 0.920526 0.030583 0.032995
6 0.744441 0.183253 0.110262 0.030720
11 0.748063 0.223644 0.138431 0.034133
8 0.615669 0.257777 0.119920 0.025031
10 0.731161 0.309545 0.375050 0.048924
1 0.699371 0.368140 0.229376 0.027306
10 0.730357 0.443233 0.379879 0.084195
1 0.708626 0.510930 0.254326 0.028444
3 0.748063 0.554734 0.338028 0.045511
9 0.738405 0.691835 0.394366 0.215038
10 0.729954 0.834056 0.383904 0.048924
