11 0.571237 0.100622 0.363812 0.087019
1 0.240774 0.166155 0.206160 0.016115
3 0.857739 0.172063 0.178874 0.030081
1 0.420406 0.233836 0.565425 0.063384
3 0.450724 0.286477 0.501758 0.026858
10 0.541677 0.418618 0.810998 0.200896
10 0.526518 0.544849 0.674569 0.021486
4 0.351433 0.711367 0.430511 0.062310
12 0.815294 0.607159 0.348654 0.090242
3 0.857739 0.675915 0.163716 0.025783
1 0.240016 0.665709 0.222835 0.018263
12 0.783461 0.766157 0.342590 0.053716
3 0.845612 0.809667 0.184938 0.022561
1 0.230921 0.804295 0.201613 0.022560
4 0.531824 0.871977 0.803419 0.095614
