6 0.108994 0.014452 0.200277 0.020051
6 0.937463 0.009054 0.114913 0.016966
6 0.129241 0.034117 0.043776 0.014652
6 0.473433 0.032189 0.338173 0.018508
6 0.768924 0.031418 0.125857 0.016966
8 0.804127 0.060844 0.070794 0.021163
7 0.173419 0.105060 0.079375 0.059711
11 0.366493 0.147387 0.124425 0.029477
11 0.617489 0.148520 0.163040 0.033257
7 0.483410 0.149276 0.098682 0.049885
7 0.733870 0.103171 0.136224 0.051396
9 0.607836 0.204452 0.482685 0.054420
8 0.478583 0.249424 0.252069 0.021919
9 0.480729 0.487132 0.743334 0.445940
5 0.496287 0.797487 0.585657 0.040815
5 0.526321 0.970572 0.055777 0.027210
