11 0.200935 0.105922 0.232133 0.030502
8 0.152946 0.142735 0.139131 0.019984
4 0.247064 0.228457 0.248501 0.132526
8 0.165966 0.309445 0.162195 0.018932
4 0.283149 0.481939 0.328111 0.311332
8 0.187171 0.654434 0.201628 0.025243
4 0.249296 0.723326 0.264869 0.097817
8 0.178987 0.789590 0.191212 0.017881
4 0.263432 0.831661 0.284214 0.051538
5 0.268268 0.916331 0.030505 0.031554
5 0.736626 0.924745 0.029761 0.014725
11 0.637672 0.105396 0.171123 0.025243
8 0.735510 0.139054 0.095978 0.021036
10 0.733650 0.343102 0.376472 0.361818
12 0.655900 0.612888 0.204604 0.150407
4 0.716166 0.768554 0.338527 0.156718
3 0.660736 0.879518 0.223205 0.044175
