10 0.263769 0.319015 0.365458 0.456437
1 0.223119 0.575145 0.222217 0.029553
8 0.173566 0.614436 0.186600 0.026270
10 0.262994 0.769318 0.376297 0.246279
5 0.266092 0.919274 0.027874 0.022986
10 0.731003 0.193031 0.361586 0.211253
1 0.727906 0.327117 0.290353 0.021891
8 0.724808 0.372541 0.352295 0.040499
10 0.732164 0.455729 0.362361 0.093039
10 0.722873 0.524687 0.277190 0.025175
1 0.740294 0.567375 0.312033 0.027364
8 0.607893 0.620930 0.113818 0.022986
10 0.728293 0.746766 0.370103 0.203591
1 0.701580 0.883587 0.237702 0.028459
5 0.737197 0.920803 0.033294 0.024081
