8 0.507640 0.065794 0.746005 0.039711
10 0.499969 0.107901 0.746005 0.032180
12 0.234840 0.224296 0.208076 0.023964
3 0.739688 0.221558 0.253143 0.011639
10 0.197924 0.253737 0.122736 0.019856
4 0.308194 0.310565 0.324100 0.080107
12 0.242032 0.417717 0.207117 0.027387
3 0.730100 0.415321 0.235883 0.018486
10 0.188335 0.447500 0.093970 0.025333
4 0.513873 0.489950 0.722033 0.048612
10 0.196965 0.580327 0.113147 0.015748
4 0.324975 0.629624 0.371085 0.077368
5 0.861945 0.875765 0.037396 0.023279
