6 0.525917 0.100214 0.354238 0.066587
12 0.249254 0.165451 0.295199 0.029694
12 0.727064 0.170400 0.328151 0.023395
10 0.366647 0.218541 0.538223 0.063887
3 0.460699 0.268031 0.613739 0.027894
10 0.506008 0.386357 0.803215 0.163767
12 0.268476 0.563171 0.328151 0.029694
4 0.351544 0.612661 0.409159 0.053089
12 0.815624 0.564521 0.159270 0.023395
8 0.226599 0.679248 0.233413 0.017097
10 0.507381 0.737286 0.803215 0.098980
8 0.155889 0.801174 0.089246 0.017996
10 0.506008 0.832217 0.789485 0.044091
8 0.282893 0.865961 0.356984 0.017996
10 0.360469 0.900154 0.525865 0.046791
