6 0.531647 0.030230 0.053636 0.017031
6 0.529458 0.078615 0.452077 0.059610
11 0.530005 0.133580 0.595471 0.030192
8 0.523437 0.189706 0.162003 0.037160
12 0.261208 0.212307 0.144489 0.028644
12 0.705623 0.223145 0.238626 0.023999
10 0.511328 0.268433 0.706028 0.058836
8 0.512423 0.315657 0.139016 0.026321
8 0.222897 0.333462 0.116029 0.032515
10 0.500321 0.469620 0.708217 0.233021
8 0.188903 0.603549 0.122597 0.019354
10 0.489922 0.670513 0.753096 0.086706
8 0.239802 0.730124 0.250667 0.024773
8 0.490470 0.816442 0.762948 0.129284
