6 0.275312 0.174450 0.104672 0.033630
11 0.281518 0.226813 0.296900 0.051160
8 0.175904 0.274319 0.178731 0.022970
10 0.268224 0.353147 0.370756 0.122157
1 0.250868 0.434063 0.268096 0.022970
8 0.186982 0.465907 0.206796 0.017749
4 0.289272 0.685164 0.367063 0.401971
5 0.268224 0.920082 0.023634 0.024014
4 0.706926 0.177219 0.261449 0.181670
8 0.598359 0.292068 0.091581 0.020882
4 0.765642 0.335919 0.372971 0.052204
1 0.778197 0.394910 0.275482 0.049072
8 0.668891 0.440327 0.180946 0.025058
10 0.761210 0.500362 0.305024 0.086659
8 0.688462 0.565617 0.218613 0.016705
10 0.762687 0.686208 0.307978 0.193155
8 0.685139 0.806277 0.211966 0.019837
10 0.764534 0.864224 0.310194 0.070997
5 0.738315 0.923736 0.033235 0.025058
