4 0.284284 0.171072 0.355246 0.175297
1 0.252865 0.292477 0.223704 0.048562
8 0.144364 0.335709 0.122325 0.021320
10 0.264974 0.460637 0.377867 0.200170
1 0.212609 0.579673 0.192704 0.023689
8 0.210514 0.612245 0.245488 0.020135
10 0.264136 0.755773 0.366138 0.235703
5 0.264555 0.923963 0.028487 0.024873
5 0.734718 0.922998 0.020108 0.024873
10 0.740164 0.164303 0.386246 0.157530
1 0.701624 0.263667 0.238785 0.026058
8 0.617420 0.298608 0.127352 0.024873
10 0.746029 0.399877 0.391273 0.151608
1 0.678164 0.500554 0.188515 0.018951
8 0.580555 0.532534 0.055298 0.021320
10 0.735503 0.600727 0.393256 0.090580
8 0.611359 0.667530 0.114533 0.027174
10 0.735102 0.734900 0.368428 0.084919
8 0.601347 0.805665 0.092908 0.027174
10 0.743912 0.856617 0.390854 0.056613
