6 0.105764 0.013654 0.187998 0.025630
6 0.930326 0.011420 0.098328 0.017755
7 0.518925 0.088688 0.201294 0.148618
11 0.794687 0.092317 0.333257 0.129084
12 0.535296 0.174314 0.682548 0.018673
10 0.250710 0.209224 0.232479 0.020296
10 0.770637 0.209224 0.285158 0.026791
11 0.520408 0.269301 0.304627 0.049523
10 0.533578 0.399603 0.784472 0.198092
10 0.226660 0.557102 0.172927 0.038969
4 0.523844 0.711354 0.803941 0.168865
2 0.851769 0.587439 0.183234 0.060889
5 0.532301 0.972355 0.065277 0.034098
