10 0.266258 0.135900 0.360418 0.090580
8 0.146920 0.207798 0.134556 0.023777
10 0.263054 0.288755 0.360418 0.115490
8 0.132903 0.369711 0.098514 0.023777
10 0.266258 0.486333 0.373233 0.186822
1 0.212106 0.600869 0.193557 0.027363
10 0.261514 0.705989 0.383064 0.158449
8 0.143354 0.811304 0.117035 0.029272
10 0.264890 0.857438 0.364608 0.045180
5 0.263539 0.922304 0.020706 0.017181
5 0.737686 0.922622 0.025207 0.025454
10 0.732792 0.135402 0.366779 0.099245
1 0.676575 0.206330 0.185810 0.021036
8 0.582716 0.241030 0.055323 0.025890
10 0.742462 0.299063 0.386953 0.077510
8 0.733954 0.367664 0.366156 0.032964
4 0.747548 0.639925 0.344327 0.489062
