12 0.280410 0.116663 0.333089 0.045940
11 0.261946 0.166779 0.359677 0.025058
10 0.268593 0.260746 0.372971 0.137819
8 0.209878 0.352625 0.248155 0.022970
10 0.254930 0.435107 0.283606 0.127378
8 0.240897 0.520722 0.310194 0.025058
10 0.279671 0.616777 0.384788 0.141995
8 0.145623 0.710222 0.116692 0.019838
10 0.270070 0.808365 0.370017 0.147215
5 0.269701 0.928435 0.029542 0.030278
8 0.632701 0.102046 0.154358 0.022970
10 0.734622 0.151639 0.364109 0.046984
8 0.610545 0.200711 0.104137 0.019838
0 0.742377 0.266488 0.317579 0.086659
8 0.630855 0.328089 0.149189 0.019837
5 0.739423 0.925302 0.032497 0.038631
10 0.732407 0.595373 0.300593 0.498026
