8 0.177439 0.103040 0.194769 0.022755
10 0.258727 0.269154 0.370221 0.248033
1 0.213254 0.426166 0.200402 0.025031
8 0.178646 0.485899 0.198793 0.021618
10 0.263556 0.597969 0.368612 0.143359
1 0.216473 0.710608 0.200402 0.029582
10 0.258727 0.790252 0.370221 0.075093
5 0.264361 0.921095 0.025755 0.020480
5 0.735990 0.919957 0.028974 0.027306
8 0.669994 0.104747 0.238229 0.023893
10 0.735990 0.199751 0.383099 0.120603
1 0.697359 0.315234 0.223742 0.069404
8 0.651886 0.385207 0.200402 0.025031
4 0.747660 0.544494 0.348491 0.248033
1 0.717077 0.702075 0.202012 0.030720
4 0.752892 0.796509 0.339638 0.126292
