6 0.108452 0.010429 0.193397 0.016571
6 0.934310 0.011350 0.107152 0.011047
7 0.497860 0.085460 0.112379 0.113236
7 0.152881 0.069809 0.248280 0.083777
10 0.169869 0.167395 0.282255 0.098507
10 0.859826 0.105713 0.235213 0.142696
3 0.861786 0.201458 0.228679 0.056158
1 0.266567 0.251172 0.274415 0.019333
12 0.793182 0.249791 0.190784 0.027619
10 0.523995 0.328504 0.786656 0.098507
4 0.527261 0.428852 0.774895 0.089300
8 0.534417 0.497038 0.785349 0.029460
4 0.544217 0.723051 0.752680 0.405994
1 0.502402 0.962872 0.441677 0.014730
5 0.519389 0.980825 0.033975 0.017492
