11 0.562310 0.095896 0.370154 0.096079
1 0.239377 0.164987 0.205641 0.029148
3 0.855538 0.169845 0.167559 0.019432
1 0.413030 0.230839 0.546852 0.063693
3 0.450350 0.284816 0.505724 0.029148
10 0.534129 0.436492 0.834750 0.243976
4 0.343721 0.710695 0.411282 0.058295
1 0.246994 0.666434 0.236106 0.017273
3 0.851730 0.671292 0.159943 0.018352
1 0.228714 0.802996 0.199548 0.022670
3 0.852492 0.809473 0.176699 0.018352
10 0.805270 0.602201 0.301607 0.083125
10 0.775567 0.764672 0.345781 0.051818
4 0.521181 0.871547 0.805808 0.099318
