4 0.300176 0.266879 0.305030 0.354983
1 0.314662 0.504103 0.277666 0.108088
8 0.185890 0.583747 0.203622 0.026169
10 0.260739 0.665666 0.374246 0.110363
1 0.233777 0.736777 0.238229 0.025031
8 0.174220 0.766927 0.181891 0.021618
10 0.267178 0.843727 0.369417 0.111501
5 0.268385 0.924508 0.024145 0.027306
5 0.734381 0.920526 0.020926 0.023893
9 0.739210 0.298736 0.395976 0.434627
1 0.684481 0.528565 0.199598 0.018204
8 0.661141 0.558147 0.218914 0.018204
10 0.731564 0.630964 0.371026 0.111501
1 0.678043 0.708332 0.188330 0.018204
8 0.672409 0.741896 0.238229 0.021618
10 0.726735 0.809025 0.362978 0.083057
1 0.677640 0.873877 0.187525 0.026169
