6 0.280860 0.104178 0.100604 0.020480
11 0.278445 0.142862 0.242254 0.027306
8 0.151282 0.184391 0.129577 0.021618
10 0.265165 0.296461 0.375050 0.163838
1 0.247057 0.434131 0.259960 0.077368
1 0.268385 0.510361 0.365392 0.043235
4 0.284079 0.702075 0.340443 0.326539
5 0.269592 0.921664 0.036217 0.032995
5 0.737198 0.925077 0.018511 0.023893
4 0.740819 0.286221 0.355734 0.416423
10 0.736795 0.579765 0.412073 0.131981
1 0.721101 0.668511 0.282495 0.027306
10 0.730357 0.739621 0.387928 0.076230
4 0.747258 0.838038 0.387928 0.102399
