6 0.108708 0.011102 0.196819 0.014079
6 0.158578 0.045361 0.144955 0.020649
6 0.475085 0.030343 0.176871 0.026281
6 0.838136 0.021427 0.025267 0.015956
6 0.935216 0.013918 0.110378 0.029097
10 0.501682 0.105432 0.727434 0.080721
8 0.840131 0.183807 0.034576 0.019711
7 0.160573 0.242470 0.082451 0.061948
11 0.362803 0.285320 0.139650 0.046818
11 0.637740 0.276695 0.174563 0.027105
7 0.487615 0.293944 0.096010 0.071460
7 0.765607 0.225873 0.157979 0.053595
9 0.729821 0.327129 0.330797 0.057907
8 0.493289 0.362243 0.142269 0.022177
9 0.510090 0.622223 0.864745 0.534846
