6 0.277788 0.163098 0.095859 0.028797
11 0.275991 0.202905 0.097058 0.027103
8 0.215480 0.241866 0.268407 0.030491
10 0.268802 0.379921 0.387033 0.225292
1 0.214881 0.539997 0.219279 0.077921
10 0.260414 0.660266 0.387033 0.121963
4 0.279586 0.800172 0.353482 0.103330
5 0.264978 0.923021 0.039542 0.032185
5 0.734091 0.922174 0.028758 0.016939
4 0.743078 0.146727 0.348689 0.123657
8 0.736487 0.237352 0.397817 0.044042
10 0.732293 0.344069 0.375050 0.138902
1 0.702936 0.461797 0.246838 0.045736
8 0.681967 0.512615 0.264812 0.032185
10 0.732791 0.565304 0.356873 0.046090
1 0.680211 0.612014 0.192700 0.019984
8 0.734896 0.647737 0.361591 0.025243
10 0.732292 0.712949 0.369776 0.073626
8 0.698811 0.773838 0.290910 0.028398
10 0.734896 0.838523 0.372008 0.084144
