8 0.141624 0.102471 0.111871 0.023893
10 0.269190 0.158791 0.371831 0.061439
1 0.206815 0.227057 0.197183 0.038684
10 0.264361 0.282239 0.370221 0.046648
4 0.197962 0.349936 0.173038 0.072817
1 0.260336 0.411375 0.223743 0.022755
10 0.272811 0.462575 0.425755 0.063715
4 0.278848 0.579765 0.346077 0.145634
1 0.240216 0.673062 0.193159 0.027306
10 0.262751 0.729381 0.386318 0.060302
1 0.212047 0.783994 0.189940 0.021618
8 0.226936 0.815282 0.287324 0.022755
4 0.287701 0.860793 0.349296 0.052337
5 0.268787 0.924508 0.026559 0.027306
0 0.740417 0.920526 0.029779 0.035271
10 0.764562 0.215110 0.317907 0.251446
10 0.730759 0.401704 0.395171 0.083057
1 0.689713 0.527427 0.227767 0.145634
4 0.752489 0.658271 0.334004 0.072817
1 0.728747 0.720279 0.159356 0.019342
4 0.771403 0.781149 0.321932 0.070542
1 0.727540 0.851122 0.155332 0.035271
