11 0.053261 0.492393 0.024671 0.123941
10 0.117948 0.504963 0.097927 0.845559
4 0.219291 0.658165 0.093372 0.492015
5 0.248328 0.925533 0.021635 0.030935
12 0.292736 0.249380 0.046686 0.304932
2 0.312094 0.741395 0.051241 0.213599
2 0.347962 0.251590 0.052379 0.338813
1 0.416852 0.482867 0.076292 0.763065
0 0.760165 0.915221 0.027328 0.022096
1 0.760734 0.858507 0.399677 0.041247
0 0.891683 0.127113 0.142335 0.042720
11 0.775537 0.205924 0.358685 0.053032
3 0.807420 0.162467 0.297196 0.019150
4 0.763012 0.535162 0.411064 0.584820
