6 0.113311 0.009299 0.221547 0.017260
6 0.934563 0.012535 0.106954 0.017260
1 0.490705 0.105850 0.453789 0.029127
6 0.500636 0.160868 0.498099 0.065806
12 0.777952 0.227752 0.242938 0.042072
11 0.491469 0.254182 0.223075 0.025891
3 0.504456 0.296794 0.847990 0.048545
10 0.479246 0.411145 0.843406 0.162896
4 0.472370 0.538980 0.857157 0.086302
10 0.187415 0.673288 0.186405 0.156423
4 0.443439 0.800738 0.655473 0.077672
10 0.716171 0.642157 0.391145 0.053939
3 0.781107 0.685308 0.252105 0.030206
5 0.517543 0.978197 0.030558 0.026969
