8 0.258056 0.121380 0.346619 0.044546
10 0.268455 0.225172 0.377499 0.136311
1 0.247973 0.337428 0.267212 0.072165
10 0.265187 0.543239 0.370918 0.263861
8 0.137428 0.389630 0.117220 0.025837
1 0.201710 0.703234 0.178981 0.031182
6 0.736866 0.179063 0.095163 0.020491
11 0.734660 0.220491 0.327712 0.051673
8 0.619331 0.273946 0.139908 0.014255
10 0.734975 0.387093 0.381281 0.176402
8 0.598219 0.497824 0.091381 0.020491
10 0.740332 0.578739 0.376869 0.110474
1 0.706616 0.668492 0.243894 0.039201
8 0.629414 0.717047 0.156294 0.022273
10 0.734660 0.795003 0.376869 0.117602
5 0.735291 0.921273 0.040334 0.025837
5 0.267207 0.926618 0.025209 0.029400
